0,1,2,3,4,5,6,7,8,9,10,11,12,13,14,15,16,17,18,19,20,21,22,23,24,25,26,27,28,29,30,31,32,33,34,35,36,37,38,39,40,41,42,43,44,45,46,47,48,49,50,51,52,53,54,55,56,57,58,59,60
65,232,15,4,0,128,245,52,24,214,239,11,4,0,0,240,1,96,0,8,0,0,64,0,1,2,0,224,121,255,244,57,28,0,204,193,16,248,240,195,7,7,2,255,239,127,225,65,120,8,15,240,128,127,254,255,255,31,6,0,52
37,14,252,54,128,25,240,53,178,148,141,3,8,18,240,199,255,243,255,236,12,0,112,199,25,34,0,28,199,0,244,246,49,85,164,128,251,95,69,0,254,3,28,193,136,119,15,192,3,248,255,6,48,0,0,0,252,163,252,127,8
0,168,0,4,0,114,131,68,130,240,15,130,195,113,238,31,0,192,0,24,0,1,0,0,32,64,64,32,184,255,192,165,65,97,40,13,194,208,14,24,118,117,24,254,0,8,32,30,136,15,241,16,143,248,231,199,199,227,121,255,63
64,233,1,64,16,118,195,68,130,248,3,144,72,18,34,3,0,0,0,8,16,0,1,8,227,198,197,32,56,255,192,25,97,70,200,8,140,224,158,123,35,32,120,254,3,33,224,7,248,1,63,240,131,31,255,255,255,95,2,0,1
97,253,79,6,0,255,56,18,201,254,224,1,128,232,255,222,19,113,68,8,0,0,64,196,145,35,3,248,255,13,62,136,68,34,75,236,68,102,246,223,145,176,219,119,96,7,192,0,48,0,46,248,206,247,255,255,191,95,1,32,39
53,30,108,2,204,159,56,130,125,143,240,207,0,8,247,192,255,31,99,100,140,238,252,127,16,48,50,254,199,8,127,70,25,0,248,255,243,31,101,0,252,255,151,193,207,254,25,3,0,72,0,4,224,188,243,0,32,240,188,15,0
65,233,219,254,1,176,229,55,8,90,164,129,207,113,238,159,55,250,253,190,209,0,193,8,35,255,67,32,104,221,248,255,63,34,2,0,76,100,162,219,0,17,217,126,68,15,14,222,143,255,253,15,63,248,192,128,193,227,255,255,7
33,54,36,0,132,1,64,11,224,15,112,222,7,0,254,231,140,32,2,64,0,70,112,159,8,0,24,124,2,48,65,76,0,16,112,147,255,63,129,4,8,252,39,128,255,240,127,255,223,79,0,4,240,248,0,0,196,2,252,255,33
200,201,139,237,17,254,199,94,15,248,160,0,193,240,239,15,3,206,141,255,253,1,7,24,227,199,199,225,254,255,128,219,239,246,3,0,68,32,190,253,0,248,253,63,0,75,136,5,0,88,255,245,175,255,254,33,252,95,151,0,39
1,6,36,16,134,0,0,129,224,3,183,0,0,0,118,195,255,32,18,64,0,110,240,131,4,0,24,12,0,0,75,66,128,16,120,123,183,7,0,4,236,253,5,128,103,3,62,136,15,242,121,159,119,0,0,0,0,0,254,71,10
193,137,136,237,0,247,203,62,64,250,160,128,245,241,255,135,19,238,231,155,112,0,64,168,225,194,1,248,254,119,200,219,239,246,67,0,100,98,151,253,1,184,252,1,32,3,0,0,130,251,255,4,55,188,224,192,240,253,191,119,1
3,130,236,69,128,47,193,63,96,0,0,130,199,113,238,167,31,230,135,137,0,0,96,152,97,2,0,252,91,179,224,255,31,0,32,3,50,240,127,0,14,12,0,0,145,48,0,224,255,39,177,22,251,91,0,196,198,34,91,187,48
1,232,253,4,128,34,1,128,32,0,128,1,8,2,160,231,255,110,135,8,0,0,112,8,33,66,64,32,8,119,192,255,27,0,240,65,31,4,32,128,0,5,129,42,85,26,96,13,88,3,123,176,135,63,255,255,255,3,128,103,11
11,200,159,4,0,242,7,0,0,88,165,24,191,99,208,254,117,110,8,8,0,0,240,63,230,238,205,1,184,119,192,191,11,0,144,76,207,4,32,153,50,17,185,126,68,26,0,16,0,20,173,209,138,82,90,189,255,67,119,170,55
65,253,13,0,0,152,52,36,146,148,201,131,70,81,238,247,1,96,0,0,0,0,64,0,1,2,0,64,81,187,53,16,21,70,197,168,140,250,215,81,163,162,82,213,138,119,161,94,168,15,245,80,203,127,255,255,255,107,127,240,48
56,127,3,200,127,254,167,86,223,250,165,204,133,32,255,11,32,130,136,246,249,159,143,40,226,231,231,35,254,255,24,151,203,229,186,255,203,85,46,185,254,35,248,254,0,74,24,13,66,217,253,140,230,254,255,161,160,217,255,46,7
72,232,7,0,18,226,7,100,146,148,15,155,207,115,236,255,0,32,0,0,0,17,7,8,226,207,199,35,120,255,192,27,21,70,220,136,140,104,196,243,33,32,80,255,15,117,227,223,248,31,255,241,143,103,254,255,255,159,7,0,62
96,205,3,68,128,238,167,118,155,216,133,241,251,255,1,8,0,0,0,8,0,0,128,104,162,229,255,163,253,223,24,91,201,86,254,202,168,100,165,149,43,41,253,133,15,30,188,137,127,251,255,255,247,166,155,0,32,153,166,4,11
248,9,3,248,127,246,139,208,15,90,164,128,224,248,255,3,2,136,193,51,249,211,15,32,160,244,247,243,254,127,138,203,237,114,91,110,229,38,183,252,8,248,253,1,34,3,0,4,0,233,252,198,127,254,248,193,240,251,127,51,1
33,174,253,3,126,249,60,4,194,255,141,1,252,253,239,207,255,255,111,6,0,223,12,0,1,54,3,0,110,136,126,84,13,0,176,234,255,95,117,213,186,35,220,149,14,7,0,0,148,208,255,253,111,255,255,107,72,252,137,31,0
225,237,13,6,65,255,62,78,223,255,3,128,199,241,255,199,19,124,4,140,128,8,72,96,209,163,3,242,255,239,63,136,67,230,203,124,204,103,255,253,113,240,253,127,0,0,192,110,240,15,254,224,71,255,253,251,251,255,11,113,0
101,233,15,6,129,142,255,63,32,67,255,0,0,113,238,183,29,240,255,15,0,0,112,97,1,3,2,206,65,252,191,192,40,176,2,64,110,117,107,173,90,89,237,35,244,26,0,0,72,0,253,208,255,127,254,253,255,19,254,0,31
161,230,127,7,0,221,62,181,186,86,141,1,132,225,238,255,255,127,6,14,0,0,112,224,129,3,3,128,237,223,254,127,31,64,248,169,159,202,84,83,167,166,18,220,15,37,0,96,248,7,254,224,143,127,255,255,255,255,115,240,7
0,237,3,0,0,234,39,96,25,252,232,131,207,113,254,95,0,0,0,24,16,0,0,0,32,64,64,32,249,255,240,143,155,96,86,204,197,12,230,184,49,115,251,255,204,30,34,223,203,127,249,145,15,252,242,229,239,243,253,239,15
33,94,95,7,0,221,56,0,150,181,75,223,195,113,254,223,31,125,0,8,0,0,112,116,1,2,0,208,245,143,55,0,128,83,117,170,175,10,20,84,169,170,222,213,42,231,255,159,4,150,192,9,12,160,129,3,3,151,225,207,31
75,137,255,79,19,240,101,52,224,215,239,3,0,126,252,255,255,255,255,255,155,16,144,8,34,68,108,2,136,27,240,191,59,163,6,0,215,189,238,168,81,119,171,111,213,88,0,0,0,144,36,251,15,18,251,255,147,248,127,242,39
71,9,255,127,1,0,225,50,64,222,236,1,236,51,240,195,255,255,255,15,1,0,240,10,2,6,4,0,46,81,216,173,45,34,1,0,68,178,246,218,144,180,219,118,32,7,6,192,235,127,255,135,24,0,0,0,252,179,255,143,62
67,128,248,253,128,34,193,15,224,0,1,2,129,32,230,207,251,238,158,217,51,0,97,152,239,66,64,100,24,115,128,62,227,207,0,0,159,225,132,19,36,36,16,190,1,136,37,236,137,35,97,18,150,48,0,196,199,195,248,255,3
97,233,13,4,128,239,255,151,40,2,164,129,195,113,255,7,1,96,0,8,0,0,112,128,0,0,0,252,255,255,254,255,237,24,2,66,49,132,33,222,188,189,133,32,102,15,28,158,199,247,248,143,127,124,224,193,195,243,255,255,1
176,31,2,130,127,221,126,58,253,255,118,196,193,184,255,3,14,152,67,118,232,143,15,0,0,1,162,251,255,207,191,206,191,251,7,0,247,15,255,252,249,255,255,31,16,128,0,38,128,1,48,8,83,124,241,227,195,252,255,127,0
3,136,220,68,0,114,193,45,130,180,11,143,195,113,238,223,63,230,143,9,16,0,209,24,97,198,64,96,156,55,192,95,19,0,160,8,175,88,4,16,42,34,124,197,9,244,183,158,1,61,177,3,11,0,64,223,199,98,123,255,37
3,60,252,0,8,17,0,160,242,132,73,159,77,0,242,199,125,39,7,128,0,30,240,159,1,2,0,0,136,19,64,190,21,0,240,173,223,10,2,24,49,178,90,87,0,183,1,102,140,11,48,0,208,120,227,199,195,225,120,255,1
161,246,12,4,128,159,248,151,235,74,160,205,199,48,255,3,0,0,0,8,0,0,96,236,177,1,0,252,239,13,254,255,45,123,99,111,246,246,55,0,188,189,77,0,98,199,57,14,138,195,113,28,247,255,247,197,197,225,252,127,8
71,16,254,255,129,111,195,223,0,0,1,140,199,113,238,63,31,254,255,255,247,14,119,248,1,0,0,224,121,255,192,255,255,73,16,0,1,0,0,0,36,36,0,132,3,193,255,255,135,23,208,1,15,0,224,193,195,231,121,255,62
103,253,204,71,128,255,33,6,195,250,128,249,255,51,102,207,25,127,4,136,0,0,240,254,251,67,3,248,255,255,56,8,97,119,66,74,166,116,239,148,0,40,253,165,4,26,121,110,190,203,115,52,231,255,255,205,205,1,48,119,3
160,23,2,0,64,253,62,62,255,255,31,142,199,241,255,15,2,128,0,240,0,15,14,128,0,0,0,240,255,255,127,212,31,245,183,254,255,95,127,252,251,251,255,223,19,224,19,254,128,15,240,0,7,248,225,195,195,255,255,255,0
33,253,77,4,128,159,48,128,121,206,224,131,192,240,255,199,157,97,4,8,0,0,112,198,17,34,0,252,255,0,60,0,144,114,85,174,237,10,192,221,25,186,222,67,136,119,0,30,128,143,240,0,79,255,255,255,195,255,121,255,0
119,240,232,247,245,239,231,255,32,0,224,253,207,97,238,31,24,94,135,239,254,14,255,255,225,195,67,252,123,255,160,255,255,255,127,2,2,16,0,0,0,8,255,1,254,159,255,255,255,239,241,18,240,120,2,132,198,3,120,255,55
65,224,13,4,128,34,131,229,146,148,73,51,26,199,136,247,1,96,0,8,0,0,80,8,33,66,64,100,24,243,192,123,241,94,220,139,0,232,197,23,39,2,2,197,139,52,224,16,56,4,135,112,217,127,191,255,127,2,64,152,60
193,233,137,204,16,242,195,47,130,180,11,131,195,113,238,31,0,226,143,27,16,0,1,136,97,194,192,96,184,127,128,27,241,254,71,8,141,40,196,255,33,32,58,255,9,188,97,127,249,7,227,176,158,127,246,253,255,131,176,239,15
224,23,2,0,0,145,248,62,218,254,173,137,199,241,255,63,0,128,1,48,0,15,0,0,0,0,0,208,247,238,255,223,29,85,163,106,239,126,119,212,186,171,221,145,46,199,31,94,135,255,240,0,127,248,224,193,195,255,255,255,31
96,237,3,0,0,252,254,118,219,222,236,141,67,144,255,7,0,0,0,24,0,1,0,128,0,1,2,178,255,223,254,223,125,117,143,238,232,126,119,221,187,187,223,177,102,199,129,119,224,9,60,192,3,95,254,255,255,127,223,17,32
96,29,2,0,0,128,244,119,91,222,236,129,195,113,254,55,0,128,0,112,0,7,0,128,0,0,0,0,239,221,252,223,125,103,71,236,196,126,247,217,177,179,223,119,100,15,0,62,130,71,240,4,127,248,225,193,195,227,255,255,62
11,246,133,65,244,110,71,2,65,235,240,252,203,123,244,207,8,38,130,65,48,20,255,251,226,193,196,227,121,255,192,204,12,17,32,34,230,247,127,0,136,253,255,1,118,195,122,191,222,199,251,191,239,253,247,239,239,129,160,127,10
64,253,3,4,0,185,244,110,151,252,75,207,199,113,255,39,0,64,0,8,0,0,64,128,1,3,0,112,221,143,180,155,251,231,206,220,192,109,238,185,113,115,187,239,13,222,215,255,212,159,210,33,13,105,245,251,75,255,233,223,24
165,246,77,6,129,223,60,213,171,2,165,253,119,148,47,225,17,121,68,140,128,0,112,127,145,35,3,252,239,141,62,247,237,127,255,239,249,2,16,95,190,173,84,144,34,199,225,91,248,8,31,240,241,127,255,255,127,47,10,16,56
32,207,7,0,64,200,254,243,57,66,228,65,34,127,221,184,1,224,0,8,0,0,0,0,128,1,63,139,99,204,254,163,252,40,27,101,81,134,18,203,151,151,67,118,226,7,128,1,96,52,204,227,15,102,152,253,255,255,255,0,63
192,193,15,0,0,192,63,84,154,242,143,1,255,97,204,255,1,96,0,0,0,0,16,32,0,6,7,131,121,255,30,17,69,68,153,232,136,66,212,213,171,163,244,245,47,39,135,221,105,63,237,195,30,118,216,253,255,219,127,0,39
8,192,151,64,54,98,7,0,64,105,48,148,203,115,254,255,36,38,137,33,17,119,159,24,34,196,220,35,56,255,0,2,128,12,184,117,91,7,0,11,214,1,0,58,112,72,62,158,143,247,241,191,111,240,193,129,131,227,253,255,63
96,29,2,4,0,145,240,127,147,220,201,143,135,33,255,31,0,64,0,136,0,0,64,128,1,2,0,16,196,8,180,189,121,111,134,204,200,252,230,153,51,35,155,231,204,159,45,125,75,15,224,0,178,116,192,129,167,195,253,239,7
64,125,0,0,2,48,33,196,155,220,137,139,199,113,255,127,0,0,0,48,0,23,1,0,0,68,68,32,140,17,32,128,233,239,238,221,200,244,238,185,115,49,185,239,68,26,0,24,0,135,240,8,255,248,227,195,195,227,249,255,63
1,192,31,4,0,0,119,20,136,82,175,0,139,99,204,255,55,96,0,8,0,0,128,0,3,6,4,0,32,252,222,48,10,132,130,81,155,213,40,163,102,65,161,254,93,24,4,152,1,63,225,19,30,96,128,149,255,195,127,238,63
1,246,12,0,128,7,8,129,255,7,90,250,253,16,114,195,141,0,0,0,0,6,240,191,0,0,16,252,6,0,65,38,146,8,248,255,255,11,0,34,255,254,2,200,155,176,241,110,188,3,1,16,193,251,255,255,207,0,24,247,0
225,130,15,4,0,81,88,26,224,107,54,0,195,127,254,159,29,104,7,10,0,0,112,160,129,2,0,136,118,196,223,140,38,161,1,0,255,55,26,104,208,208,237,58,114,1,0,20,0,117,252,215,15,80,72,209,247,251,127,250,39
1,204,15,0,0,0,33,244,186,214,141,25,143,99,204,255,21,32,0,0,0,0,112,0,1,2,0,0,0,221,24,0,1,68,248,233,159,110,196,19,35,34,16,245,15,55,35,220,136,191,241,0,140,96,227,223,199,131,123,255,63
160,118,4,0,132,5,24,137,239,39,50,220,7,0,255,195,12,0,0,64,0,78,112,183,0,0,0,220,7,0,71,38,2,137,248,127,251,151,8,34,254,253,33,8,85,200,247,127,244,3,0,0,192,127,255,255,227,253,191,119,0
11,136,252,79,18,34,3,0,96,0,160,1,139,115,252,223,255,255,159,75,51,48,243,153,103,204,204,32,152,119,64,5,0,0,40,8,2,176,23,0,32,188,92,150,2,135,111,254,159,119,243,55,15,96,128,5,207,131,97,255,62
0,14,4,0,6,0,32,160,240,133,88,7,0,0,51,193,46,160,3,112,0,31,48,128,0,0,4,0,8,17,32,2,144,8,52,141,247,13,64,2,53,126,3,71,136,252,0,0,0,0,0,0,0,128,119,238,160,112,156,3,33
0,14,50,24,142,0,48,144,121,198,236,5,0,0,187,52,14,128,3,112,3,255,48,0,0,0,28,0,0,0,56,66,136,81,62,218,163,12,32,132,255,123,191,161,205,94,0,0,0,0,0,4,112,200,0,0,64,50,207,153,60
72,25,0,108,26,48,193,118,27,216,129,9,4,128,102,3,2,128,141,248,63,27,1,0,35,94,68,32,8,49,128,153,105,110,138,4,8,224,166,191,19,0,152,38,0,90,1,64,0,72,0,0,96,153,231,0,0,228,0,119,0
33,28,124,32,140,17,32,32,241,143,120,15,4,0,176,229,191,33,71,224,8,222,240,134,17,0,0,16,134,0,112,140,8,32,114,223,255,61,34,136,16,125,139,110,212,218,17,32,0,0,0,0,64,0,1,70,2,0,72,187,48
128,2,6,0,128,0,11,200,109,35,118,0,128,32,247,203,4,0,0,0,0,7,48,0,0,0,16,140,2,112,11,0,130,145,248,119,51,5,8,36,220,221,165,8,119,8,0,97,64,1,8,128,178,54,218,180,253,81,182,6,3
184,95,2,184,127,136,62,253,191,231,255,77,7,129,255,60,0,128,1,244,255,255,15,0,0,17,191,159,103,204,63,0,232,255,255,255,249,143,48,255,255,247,131,126,238,207,25,121,66,78,128,0,112,255,249,1,34,255,255,140,62
229,29,124,62,205,25,240,63,209,255,200,15,4,0,49,32,255,209,127,252,143,255,104,134,31,35,32,28,135,0,244,237,63,115,102,142,230,252,255,24,1,254,159,199,136,190,25,96,6,8,0,0,240,144,1,2,0,64,152,63,1
3,226,13,0,128,34,67,129,96,5,82,146,235,123,252,223,45,96,0,0,0,0,240,153,2,0,204,0,8,115,192,2,128,0,16,0,255,11,128,34,68,84,0,94,49,32,32,28,153,255,251,191,191,121,194,205,239,131,248,255,31
101,9,252,62,11,145,240,118,19,248,137,3,0,0,17,200,255,247,255,252,143,152,192,4,19,62,32,16,134,0,244,153,127,100,140,140,8,96,255,253,51,2,252,255,8,63,18,128,4,144,0,47,0,128,1,2,0,220,0,96,11
152,22,2,56,254,0,56,193,63,5,127,15,0,128,27,48,4,128,17,240,239,255,31,1,0,24,24,12,0,0,63,0,224,255,191,251,49,0,0,247,239,239,3,128,255,119,9,0,0,72,0,4,112,204,1,0,0,240,255,15,56
67,8,252,44,0,16,224,0,0,216,137,3,8,98,192,255,255,227,223,216,1,0,192,128,39,6,0,0,136,17,160,8,96,70,4,0,12,96,196,153,1,0,252,231,8,255,2,128,0,16,0,1,8,0,134,141,159,135,65,254,63
33,6,46,0,128,1,56,128,253,71,246,4,0,0,252,254,31,0,3,224,0,14,112,128,0,0,0,28,2,0,63,2,132,177,49,118,247,15,0,76,220,253,239,18,242,193,0,0,0,0,0,0,128,224,151,47,7,131,229,204,62
32,22,38,0,206,9,56,192,255,7,252,223,7,0,255,229,12,0,0,96,0,255,126,71,0,0,0,156,3,128,63,0,128,17,252,255,179,15,0,0,252,255,7,193,207,255,25,119,198,8,0,0,96,220,115,99,0,112,255,31,48
32,127,0,0,204,153,60,192,255,151,207,207,39,8,255,64,4,0,0,32,0,207,120,68,0,32,34,158,199,8,62,0,192,255,255,255,255,15,68,255,255,255,151,197,142,191,49,111,220,3,0,0,224,255,255,255,231,112,188,7,0
33,6,108,0,128,1,120,0,224,7,240,12,4,0,216,254,223,97,7,0,0,14,112,135,1,0,0,156,7,0,95,68,0,1,48,35,247,31,1,0,204,255,71,0,255,195,1,64,0,8,0,0,0,0,130,133,135,3,253,239,63
32,54,4,0,132,1,24,192,127,7,112,204,3,0,255,71,12,0,0,96,0,6,112,128,0,0,0,156,2,0,15,0,128,249,127,255,243,15,0,0,252,255,7,128,255,192,49,126,0,0,0,0,224,253,247,199,199,227,253,255,33
161,246,7,0,128,13,56,128,253,39,114,204,195,241,255,231,0,0,0,0,0,4,112,128,0,0,0,252,3,0,63,0,128,153,112,255,255,143,8,34,76,252,3,136,255,152,193,127,240,7,16,0,15,127,253,255,251,255,253,255,32
0,242,4,0,134,0,3,192,111,3,54,220,197,48,247,67,0,0,0,0,0,7,48,0,0,0,24,108,0,112,1,0,128,157,251,127,251,7,0,0,254,205,5,0,119,192,251,111,140,139,113,24,199,190,255,255,197,225,62,119,0
65,253,9,4,128,127,193,55,65,8,128,253,231,56,247,3,0,0,0,0,0,0,96,136,113,0,64,248,255,19,192,237,113,107,108,13,198,240,255,24,16,188,27,70,0,247,45,111,200,11,121,128,183,188,242,228,245,243,254,103,3
67,248,133,193,48,247,195,63,226,63,1,180,219,127,238,159,1,102,128,3,16,0,227,184,227,192,193,225,254,127,192,223,47,96,0,12,239,99,134,89,50,48,252,158,0,129,244,254,191,135,119,122,255,123,239,223,15,0,0,240,1
33,50,12,4,128,15,8,145,105,66,164,253,71,81,234,231,25,32,4,128,0,8,112,235,129,2,0,252,43,213,218,109,12,25,107,99,54,246,55,0,140,141,133,0,102,203,223,231,135,201,16,4,113,152,33,64,64,124,159,51,32
0,246,132,1,176,255,3,162,245,173,80,191,207,113,238,231,0,38,0,0,0,14,119,56,225,194,193,252,127,255,65,204,22,17,116,182,255,59,91,4,25,218,110,65,184,245,255,158,158,213,243,61,239,217,239,203,74,102,65,255,52
33,254,141,0,128,47,33,161,113,132,248,239,67,220,63,225,1,98,0,8,0,0,112,30,32,64,240,252,95,17,96,196,16,49,36,134,98,24,67,4,93,95,15,65,248,254,255,255,232,17,53,81,131,26,126,255,255,106,94,50,33
161,31,14,4,128,17,56,173,182,133,91,143,135,97,254,255,29,64,2,200,0,0,112,148,1,0,0,80,213,42,39,34,243,205,181,185,155,11,64,115,231,230,18,221,139,244,31,240,7,252,128,15,24,64,0,1,2,166,65,221,60
222,241,131,255,255,238,207,122,13,232,240,252,3,78,17,48,0,78,234,255,255,212,191,254,250,193,253,227,255,255,128,197,110,255,47,118,0,240,127,0,216,249,255,1,112,129,245,127,255,7,7,250,248,127,31,255,63,2,2,0,60
224,95,15,4,0,153,56,124,158,247,15,15,131,97,220,190,17,96,4,136,0,8,80,0,1,34,2,16,197,15,247,59,251,206,222,217,157,173,236,179,97,103,179,237,13,218,113,120,28,142,195,56,204,101,159,63,11,135,161,204,30
37,232,79,39,0,253,56,132,162,18,143,232,245,177,127,203,23,125,68,6,0,0,64,116,209,163,35,252,245,15,31,2,128,74,217,109,221,6,128,223,165,164,80,182,34,135,151,239,253,39,124,194,23,62,0,254,243,253,127,113,8
247,233,239,167,161,223,222,213,138,82,133,65,120,126,17,192,253,127,193,46,216,0,240,127,144,97,99,251,255,207,222,213,125,117,163,42,170,82,119,85,186,131,220,145,38,71,224,1,120,248,255,244,165,255,255,125,253,11,6,0,24
1,142,149,72,18,224,71,10,224,111,50,0,196,33,238,223,63,246,143,21,1,31,131,0,34,68,196,0,122,255,224,174,10,0,80,85,255,47,162,170,16,253,137,62,84,10,0,0,0,25,180,64,2,18,255,255,215,106,127,178,37
195,137,155,207,1,254,231,61,162,21,15,3,0,114,254,159,95,254,223,143,128,0,64,88,97,203,3,230,249,255,244,59,255,206,7,9,157,235,132,243,39,36,16,252,15,116,0,0,0,0,68,241,143,111,255,255,255,159,35,196,30
65,224,157,5,0,246,79,18,73,122,164,0,192,48,230,207,63,126,140,10,0,0,240,184,227,198,65,161,126,255,200,255,15,0,216,36,77,2,128,233,0,0,252,62,114,67,194,5,32,17,46,241,7,23,255,255,255,95,22,32,1
74,237,147,74,115,232,55,4,178,183,15,67,233,127,253,88,34,150,136,21,241,17,143,72,230,205,239,3,249,255,52,0,33,70,195,72,157,111,244,251,35,33,240,255,15,15,128,161,248,19,110,241,15,55,254,255,255,223,6,0,11
0,125,2,74,83,250,55,100,159,254,141,207,131,32,255,30,34,146,136,116,249,159,143,200,34,69,230,3,253,255,52,129,201,235,254,253,128,16,110,152,116,119,187,255,4,222,1,109,64,3,0,0,132,244,242,229,231,211,252,111,15
74,237,147,72,83,242,39,4,162,19,143,156,207,115,254,79,34,150,136,157,241,17,139,88,227,239,199,35,253,255,240,152,1,102,192,12,220,230,182,251,49,48,152,254,0,15,225,255,248,31,255,224,143,127,255,255,255,255,3,0,26
136,207,3,0,18,176,37,237,182,133,75,7,2,107,216,60,4,0,1,56,178,3,18,16,0,200,238,102,153,191,161,43,243,203,29,137,145,136,196,114,101,230,18,221,15,244,112,48,8,4,129,251,222,119,199,255,7,2,65,238,55
96,237,3,4,0,249,252,126,219,252,137,143,195,113,255,15,0,0,0,184,136,3,0,0,0,38,3,16,253,143,255,159,255,102,205,172,204,106,214,217,177,178,250,127,0,103,128,28,32,15,228,64,78,126,255,255,147,255,127,246,7
0,13,144,72,90,178,97,4,226,23,135,0,129,122,254,15,34,162,203,52,17,151,137,8,34,68,102,34,252,159,48,128,169,235,2,76,215,189,166,152,48,117,155,126,68,90,0,12,0,3,96,159,255,248,227,195,131,225,253,255,11
64,253,7,0,64,255,52,110,215,253,11,207,199,97,255,223,0,0,0,0,0,137,10,212,113,163,162,242,253,175,53,136,147,230,214,220,205,47,206,249,113,112,250,127,0,184,113,253,220,7,226,184,206,117,255,255,139,215,161,239,15
193,231,15,4,0,212,222,44,150,181,31,2,131,99,204,255,17,100,4,137,0,0,240,176,67,130,0,64,176,239,199,60,55,206,132,153,159,251,220,115,103,98,50,221,15,48,224,24,56,6,231,120,206,115,255,255,159,143,65,248,63
1,15,14,0,0,243,96,44,246,181,91,3,135,97,254,223,31,100,6,0,0,0,112,144,1,2,0,112,221,47,225,140,19,224,100,156,215,57,206,56,113,118,58,223,137,116,62,156,7,255,225,31,110,240,193,131,131,195,241,255,31
97,205,11,4,0,136,181,209,8,66,228,1,2,197,136,245,49,80,4,140,129,0,208,64,3,7,2,2,73,221,124,27,200,6,218,64,1,4,160,139,3,1,129,98,252,31,224,1,120,0,143,240,136,79,63,127,126,30,6,0,60
3,173,140,64,144,170,37,224,48,132,75,191,10,83,160,245,125,114,158,196,145,60,249,203,39,69,70,2,73,153,52,6,250,133,190,208,11,13,32,128,67,67,163,237,221,30,224,0,56,0,7,240,193,79,63,127,126,10,2,16,48
161,230,13,0,128,0,8,0,224,39,114,242,255,127,250,231,9,32,0,0,0,0,112,131,8,0,24,12,2,0,131,0,160,255,7,0,255,159,1,4,204,237,7,128,255,8,32,223,255,255,255,247,143,253,254,253,255,115,253,63,32
1,29,12,4,0,162,165,213,42,66,165,1,2,65,168,245,29,114,135,236,16,0,113,72,32,66,64,36,73,217,56,51,200,12,186,65,17,132,32,131,6,5,129,42,213,26,32,18,136,36,145,30,249,75,34,69,70,2,73,153,60
160,242,141,197,176,127,67,131,97,11,176,20,10,119,136,247,15,111,195,11,112,0,55,60,224,224,241,253,255,119,192,206,10,50,98,86,119,53,171,172,24,252,173,2,112,202,225,16,56,4,135,112,248,255,255,255,255,3,0,240,55
225,162,136,199,177,255,199,143,227,1,0,132,1,176,255,135,31,255,199,239,240,12,127,252,225,195,195,254,255,255,161,235,226,255,19,7,117,129,130,62,92,124,9,2,16,200,32,0,0,0,1,240,251,255,126,253,254,3,0,128,53
64,224,1,0,0,102,3,4,130,82,135,0,214,245,238,247,2,0,0,16,0,1,0,0,225,194,1,228,56,255,0,24,33,70,192,8,140,102,180,247,32,32,212,180,7,3,224,64,56,11,119,112,194,123,255,255,223,15,2,240,3
64,248,3,0,0,96,3,20,138,82,141,137,199,241,238,55,0,0,0,24,0,1,0,0,1,2,0,32,104,255,56,72,141,86,211,106,173,38,181,213,168,169,245,133,15,7,1,254,132,159,240,0,15,120,233,215,195,235,123,255,55
0,31,6,0,34,64,31,0,234,127,165,8,199,97,254,255,14,128,0,112,0,31,12,0,0,0,4,1,112,255,31,0,9,64,114,108,247,63,52,208,160,253,255,183,6,11,1,120,0,14,192,0,8,240,224,129,207,231,249,255,63
245,249,73,38,129,255,180,215,187,82,133,233,247,249,255,195,17,127,196,142,200,0,64,124,249,251,3,252,255,143,62,217,105,118,202,78,236,224,255,255,25,24,252,1,0,79,225,95,248,15,255,112,255,127,255,255,255,3,58,240,1
192,173,1,0,0,247,200,110,215,189,11,131,197,176,119,3,0,128,0,24,0,1,0,0,1,130,0,240,253,47,225,219,87,246,205,190,236,107,223,125,113,122,126,207,9,52,64,14,144,139,114,32,71,59,253,250,201,253,9,119,8
120,240,3,136,119,236,159,210,31,216,164,229,2,221,191,53,0,128,0,122,247,87,13,0,128,69,223,163,123,253,30,209,204,52,251,255,0,64,51,205,254,3,220,17,226,199,193,123,240,6,12,224,9,239,254,121,255,255,207,0,56
193,226,141,5,128,255,79,12,134,49,23,128,194,241,238,231,31,126,135,11,0,0,112,56,225,194,129,228,121,255,195,255,31,0,224,26,174,241,63,32,96,104,116,140,23,0,64,32,184,7,247,112,143,123,239,223,223,239,1,248,60
33,230,143,3,160,238,15,128,239,7,167,128,225,120,255,195,31,62,0,0,0,6,52,184,128,0,192,255,255,255,75,66,137,80,48,126,247,7,0,252,252,253,255,132,4,10,2,143,192,19,120,133,15,188,248,225,255,251,255,63,0
96,237,1,0,0,186,117,22,203,218,165,141,70,209,175,39,0,0,0,0,0,1,0,0,1,3,2,160,127,221,252,88,40,22,194,66,44,100,165,157,9,9,253,161,76,159,129,118,160,13,180,64,11,94,127,255,242,126,95,176,33
97,233,137,199,129,255,255,62,192,254,129,223,195,113,254,7,1,250,134,143,240,0,104,248,225,195,195,243,255,255,190,221,125,247,39,0,174,126,127,0,40,40,252,133,14,167,224,127,249,7,63,240,223,127,254,255,255,31,2,0,0
97,253,79,4,0,255,240,118,219,254,160,201,231,177,255,207,17,64,4,136,0,0,64,196,177,35,2,248,255,13,124,153,91,230,206,220,204,109,238,185,17,49,187,111,192,222,209,123,244,14,222,96,69,239,255,255,123,255,1,85,24
64,253,0,96,56,247,129,102,87,248,64,139,255,177,255,79,0,2,128,144,56,159,67,12,115,230,64,112,254,23,64,217,81,118,252,190,204,104,223,125,17,48,254,71,0,52,120,76,30,219,251,60,230,253,247,129,133,193,176,255,11
72,253,129,64,18,242,37,38,211,189,72,143,133,32,247,11,34,130,136,16,17,17,3,8,98,228,228,34,220,59,96,136,17,98,212,156,205,105,206,59,49,50,58,127,136,244,225,111,216,11,106,128,128,63,255,255,255,215,132,7,11
247,241,236,231,249,255,255,135,225,0,0,238,3,128,255,135,223,255,247,255,252,138,127,126,241,227,227,255,255,255,247,255,255,56,16,2,33,0,128,255,63,61,12,0,0,223,255,127,48,0,0,32,128,3,255,255,255,15,0,0,24
65,0,14,4,0,0,190,80,8,66,175,1,24,134,0,244,51,96,0,8,0,0,64,0,3,6,0,0,0,254,191,24,44,6,195,96,12,102,176,195,130,129,193,240,238,7,128,0,56,16,7,113,128,3,14,62,30,12,2,0,62
229,231,205,135,129,255,254,63,132,247,31,142,67,112,254,167,17,252,199,143,128,0,112,252,193,131,3,254,255,239,255,253,31,193,32,25,190,243,127,48,110,100,48,140,31,224,225,31,48,0,255,240,223,127,255,255,255,15,2,144,56
160,66,3,128,34,68,158,220,15,120,23,132,131,249,255,63,0,0,0,248,229,3,6,0,0,128,145,203,115,238,15,85,198,149,187,127,0,80,57,101,254,1,252,24,119,128,8,63,194,71,248,231,47,254,248,1,248,255,255,175,39
96,237,3,0,0,248,117,22,203,218,165,137,199,113,238,119,0,0,0,0,0,1,0,0,161,67,3,160,255,221,254,153,13,102,195,108,204,102,182,217,177,177,221,119,68,15,131,246,160,31,244,65,11,90,255,255,211,251,127,240,33
96,237,3,4,0,240,224,22,203,218,165,129,195,113,254,31,1,192,0,24,0,0,0,0,35,70,1,32,254,223,152,152,237,102,195,108,204,102,182,217,48,177,249,254,0,11,130,254,160,31,244,65,15,122,235,223,211,235,123,254,63
37,253,109,39,128,223,56,50,219,222,224,205,229,48,255,195,157,123,68,136,0,0,240,254,17,35,2,248,255,12,62,132,148,51,117,174,239,58,82,72,145,186,254,83,160,167,17,110,196,11,112,0,199,254,255,255,195,241,254,119,8
32,13,3,0,0,16,176,114,89,222,236,1,6,65,253,60,0,0,0,0,0,0,0,0,0,0,4,0,198,8,60,128,249,96,14,204,192,12,102,152,49,55,155,127,196,30,0,33,64,4,136,128,136,196,82,165,190,19,247,14,55
96,253,3,0,0,176,52,54,223,255,232,131,227,123,255,63,0,0,0,8,0,0,0,0,2,7,6,2,215,136,181,136,120,34,70,196,68,44,226,251,17,19,155,127,192,30,16,30,132,151,240,9,79,248,237,219,195,255,121,255,55
96,253,1,0,0,187,176,110,215,253,88,135,195,113,255,7,0,0,0,16,0,1,0,128,17,35,2,112,255,11,117,153,27,230,206,220,204,109,238,185,113,115,255,111,144,248,0,30,128,7,240,0,79,249,253,235,195,255,249,255,0
37,253,141,7,193,239,247,63,192,254,165,221,199,48,255,143,9,122,199,71,128,4,125,252,161,1,66,243,255,255,254,221,31,81,32,110,226,126,127,0,184,187,255,133,6,207,173,127,200,11,121,128,178,126,242,229,255,243,254,47,3
225,23,14,4,128,17,248,237,182,181,95,10,135,225,239,255,16,32,4,0,0,8,112,128,1,2,0,220,197,14,183,125,247,223,101,187,182,251,93,118,237,238,50,221,139,116,17,16,4,140,128,8,120,192,1,3,2,254,73,217,60
225,71,15,4,0,153,252,253,190,247,31,14,135,225,207,63,1,96,0,8,0,0,80,64,1,3,2,148,197,142,127,121,95,222,207,251,180,239,253,247,101,239,179,252,15,152,64,120,16,6,194,32,76,99,157,123,11,255,33,204,30
1,29,12,4,0,49,0,36,146,188,73,143,199,49,255,207,25,96,6,128,0,12,112,128,1,2,0,112,156,55,0,6,145,65,180,136,143,24,68,16,35,34,126,223,137,244,31,126,134,15,112,0,119,248,225,195,193,225,253,255,1
0,240,1,0,0,102,131,64,0,216,201,143,70,193,238,55,0,0,0,112,0,7,0,128,0,0,64,228,8,247,64,77,84,19,125,162,34,58,81,68,137,170,254,129,170,231,193,118,176,13,20,0,0,255,254,253,255,255,11,241,48
0,0,0,8,6,0,200,47,64,24,0,7,0,112,238,7,30,160,15,241,0,63,38,128,0,0,0,0,48,118,67,223,20,0,249,166,71,50,18,64,144,144,92,19,162,101,0,10,0,64,80,6,61,232,160,65,65,231,121,255,24
7,128,255,199,1,238,207,20,128,122,167,0,0,71,136,254,255,255,191,143,80,0,112,120,161,67,67,225,121,255,216,255,31,0,0,0,11,2,0,0,130,0,252,177,127,67,224,0,0,16,135,241,140,3,191,255,127,15,0,128,62
71,128,252,255,145,238,199,63,32,0,133,156,11,115,232,191,125,254,255,239,241,0,241,255,227,195,193,224,121,255,192,255,255,247,7,0,15,0,0,0,0,0,252,185,127,202,111,158,9,52,129,55,31,64,0,4,206,3,121,255,62
1,125,2,32,140,25,112,183,251,222,232,31,2,0,136,62,16,32,14,192,1,254,248,199,3,2,0,0,0,0,124,62,157,71,255,235,159,14,68,16,161,162,211,245,142,247,97,24,0,0,0,0,224,227,223,15,15,7,65,204,63
64,237,131,78,81,250,231,114,25,248,224,7,129,120,255,15,2,194,143,255,241,17,9,8,34,197,198,34,254,255,176,155,251,231,14,196,64,32,234,185,81,83,251,127,208,126,0,13,64,19,255,241,143,254,255,255,255,211,255,111,15
8,239,3,64,50,230,135,98,85,252,80,195,249,254,119,8,0,0,0,16,48,17,3,0,98,196,255,99,254,255,32,129,82,160,12,156,64,8,78,120,255,247,251,127,152,52,224,7,248,17,127,245,135,191,255,253,253,93,134,0,1
96,237,3,4,0,254,247,116,154,246,143,131,247,253,239,39,0,0,0,0,0,0,0,0,160,195,195,227,249,255,252,81,121,84,134,202,168,76,229,245,235,35,252,133,15,30,129,115,224,12,156,192,153,95,126,253,255,127,207,0,48
96,237,3,4,0,248,252,124,158,247,143,139,199,113,255,7,0,0,0,8,0,0,64,0,129,35,3,208,253,207,191,153,127,230,207,252,204,239,254,251,227,32,248,255,15,128,128,63,224,7,252,192,15,126,253,255,251,255,127,247,8
97,253,11,4,0,249,248,126,223,255,176,0,129,96,255,31,1,64,0,8,0,0,64,128,17,35,2,144,255,15,255,153,127,230,207,252,204,111,254,249,145,241,251,127,112,11,0,12,0,131,224,8,78,244,255,255,131,219,255,238,7
64,237,3,0,0,208,252,116,146,212,143,143,199,241,255,55,0,0,0,16,0,1,0,0,1,2,0,64,241,255,247,25,85,70,205,168,140,106,212,209,163,162,214,245,15,247,1,126,128,15,240,0,15,120,233,251,195,255,127,255,10
97,253,77,36,0,255,224,118,219,250,128,129,225,121,255,207,17,97,68,8,0,0,192,140,243,231,3,48,254,15,240,153,123,102,204,140,204,104,238,251,17,48,248,127,0,60,224,12,56,131,255,248,207,255,255,255,191,77,0,96,3
37,237,221,67,89,251,53,64,75,250,160,1,193,120,255,203,63,95,192,14,216,128,205,236,243,231,99,179,255,159,56,0,128,38,218,77,77,36,130,251,17,16,137,126,64,30,192,228,252,31,247,113,7,147,255,255,255,207,2,240,3
72,80,2,220,22,32,131,232,31,160,122,14,131,97,236,63,0,128,137,249,255,63,147,0,2,196,196,0,24,243,1,165,210,175,253,247,0,144,74,34,84,86,34,122,249,240,14,60,2,71,192,31,62,240,192,1,135,195,249,255,31
37,252,221,39,1,249,48,64,219,254,164,205,227,121,255,203,63,95,64,136,136,128,240,108,17,35,34,176,255,15,60,130,224,230,18,92,205,5,130,185,113,113,249,127,80,218,191,255,132,151,240,9,15,16,241,227,195,241,255,255,3
64,237,11,12,0,240,131,228,146,148,15,143,131,113,238,31,0,64,8,24,1,0,128,0,3,206,4,0,152,255,161,25,113,70,205,136,140,232,212,115,33,34,82,253,15,117,97,94,144,31,243,32,142,121,239,255,207,231,97,255,31
65,13,218,124,1,176,224,55,128,222,173,1,129,113,254,31,55,226,255,254,17,8,64,0,35,70,0,0,236,29,248,191,251,239,6,0,204,108,230,155,33,49,155,255,4,94,0,24,0,254,241,6,127,248,192,1,195,227,253,255,31
64,232,13,4,0,242,195,4,130,120,7,128,205,48,246,139,19,224,4,8,0,0,0,0,227,198,1,32,252,127,192,155,9,102,200,76,204,100,166,251,16,48,248,62,0,74,195,142,48,27,118,97,7,51,255,255,223,237,0,116,11
65,240,9,4,0,118,67,2,65,248,48,136,197,48,102,199,1,96,0,0,0,0,0,152,235,194,193,225,62,119,0,136,32,34,65,36,68,98,155,109,16,208,236,26,240,1,224,102,184,9,55,112,131,159,255,253,253,15,0,48,1
64,232,135,0,16,246,71,4,130,248,7,156,207,113,238,63,0,34,128,0,16,17,129,8,227,198,197,33,120,255,192,24,37,70,193,40,140,98,148,243,32,32,240,254,15,193,226,190,184,7,231,113,143,123,255,255,223,207,65,248,63
229,255,73,166,129,255,252,62,205,251,48,128,231,249,255,135,17,116,68,143,32,0,64,244,241,163,131,252,255,239,167,217,102,246,71,22,100,227,255,255,25,216,252,3,176,32,192,30,240,15,254,224,239,255,255,255,251,255,9,241,0
96,29,10,4,0,144,244,116,154,254,141,9,135,97,252,31,1,64,0,8,0,0,0,128,1,2,0,0,229,141,190,153,121,102,142,204,200,124,230,153,51,51,155,255,68,31,1,252,0,15,224,0,14,240,195,131,131,195,247,238,7
136,231,3,8,118,160,39,173,182,181,27,10,6,65,248,53,0,0,0,16,0,55,15,0,2,140,236,3,144,255,37,48,147,204,148,153,255,207,76,115,231,98,50,253,15,48,209,82,180,140,150,104,73,75,239,255,27,238,65,248,52
138,134,19,72,22,32,71,45,242,183,75,7,2,65,136,60,34,160,155,113,51,55,131,0,66,204,204,0,24,251,161,42,179,219,5,8,183,175,196,50,33,254,19,221,15,116,193,16,0,12,134,0,8,67,14,253,255,15,65,168,55
32,246,1,0,254,2,3,18,105,111,240,132,195,241,255,7,0,0,0,16,0,223,15,128,0,0,80,185,126,80,88,200,8,50,114,102,103,55,163,140,24,217,237,0,116,11,144,30,164,135,244,223,79,250,249,211,195,248,127,251,33
7,198,255,135,1,255,63,128,166,5,15,2,192,241,255,199,255,255,215,15,128,0,80,121,225,235,131,247,249,255,55,32,128,72,208,153,157,141,128,251,103,100,0,254,15,56,128,0,160,24,254,225,15,15,253,255,251,255,11,16,24
103,253,221,3,65,255,60,2,215,253,16,130,244,253,47,195,187,127,64,4,128,128,72,252,251,231,35,242,255,143,63,128,0,170,204,221,212,237,254,251,17,116,11,126,144,56,192,96,244,135,254,232,207,255,255,255,219,254,1,176,32
96,237,1,0,16,243,33,22,203,123,128,136,197,48,247,75,0,0,0,0,0,1,0,0,115,231,66,48,254,31,48,136,41,230,194,92,205,101,174,185,16,49,185,126,64,10,240,15,252,131,127,249,199,63,255,255,255,221,48,102,11
65,237,15,6,65,251,52,76,158,255,15,2,173,97,253,222,51,91,0,12,128,0,8,192,243,231,3,18,253,143,62,128,66,238,206,221,220,237,238,251,113,113,185,126,17,24,192,108,112,7,238,224,142,119,255,255,191,223,3,96,15
1,77,15,0,0,185,52,132,178,20,143,95,139,99,208,254,17,48,0,0,0,0,240,77,1,7,2,0,193,143,52,2,139,202,222,217,157,13,128,179,97,101,179,239,13,218,115,25,24,6,195,48,204,101,159,63,15,131,160,204,30
193,199,31,7,0,204,254,173,182,37,31,2,130,241,238,255,95,244,23,5,0,0,80,16,0,138,128,196,145,255,231,255,31,72,208,153,157,137,204,51,101,102,2,252,15,48,0,24,0,6,214,96,95,123,236,255,219,239,97,253,30
37,238,205,3,0,255,26,0,207,123,3,128,192,241,255,199,31,127,4,128,0,8,112,116,209,163,3,248,255,111,7,0,128,242,80,62,229,3,130,253,112,248,253,14,0,0,192,130,176,27,246,97,7,11,255,255,219,255,11,241,0
74,224,151,72,18,224,7,129,32,3,127,0,203,115,236,255,35,166,136,17,0,17,3,0,230,207,207,35,120,255,32,24,32,134,192,16,29,111,136,243,1,0,32,254,255,24,194,159,248,23,255,241,15,71,254,255,255,255,7,0,62
0,95,2,0,128,187,33,165,243,151,73,143,199,113,255,119,0,0,0,240,0,15,115,0,0,0,0,252,253,191,32,114,153,93,246,223,255,141,69,151,47,47,19,197,13,254,1,126,128,15,208,0,124,248,225,195,195,227,249,255,62
225,143,77,7,1,255,252,63,198,255,15,128,192,240,255,199,31,255,71,159,128,8,64,0,1,3,2,252,255,207,255,255,31,64,0,62,236,127,255,253,249,248,255,135,0,0,0,2,128,0,112,8,79,124,241,243,195,253,255,255,0
96,237,1,4,0,241,184,94,207,251,1,128,197,48,255,11,0,128,0,24,0,1,0,0,17,34,2,16,255,15,55,153,77,102,203,108,204,102,182,249,176,176,253,127,32,3,0,207,192,155,120,129,7,60,253,251,227,253,255,119,3
64,232,3,0,0,238,135,100,18,248,9,143,195,113,238,63,0,0,0,16,16,1,1,8,32,66,64,224,121,255,0,21,64,5,172,136,8,112,77,1,106,2,252,205,143,252,32,30,136,7,241,16,143,248,231,205,207,195,121,255,63
225,237,9,134,193,255,255,63,195,251,129,132,65,240,255,7,1,224,132,15,208,0,0,248,225,195,195,255,255,255,254,253,127,252,131,10,232,240,255,255,255,33,220,132,0,67,224,3,48,0,31,240,207,255,255,255,255,31,2,0,0
224,253,3,68,209,255,183,118,223,248,129,141,3,240,255,7,0,0,128,12,240,0,9,248,225,195,195,251,255,255,184,217,121,254,199,14,236,240,255,255,27,24,252,3,0,222,224,43,120,0,15,240,141,255,255,255,255,31,0,0,24
138,66,19,201,50,224,15,140,166,51,31,12,2,64,204,127,102,140,25,243,115,63,135,0,66,142,141,1,176,255,3,0,163,206,1,24,159,167,156,243,96,228,48,254,15,128,1,112,0,4,128,0,8,115,206,255,255,207,99,236,63
10,13,240,120,62,50,65,46,240,189,73,7,129,112,254,15,62,231,255,247,59,191,131,136,34,68,68,32,156,55,128,175,243,235,4,136,199,9,70,24,113,118,59,255,136,124,16,12,0,130,96,159,255,48,193,130,129,193,252,127,11
97,237,15,6,0,255,124,62,223,255,141,133,195,241,255,199,29,120,6,140,0,0,112,224,1,3,2,240,255,207,255,220,47,246,3,126,238,119,191,253,248,249,253,183,0,139,18,191,196,135,248,137,79,124,241,227,195,253,255,255,0
37,141,255,7,65,186,117,20,200,222,165,1,192,113,255,199,255,255,199,14,128,0,56,200,0,1,66,179,239,221,252,162,9,0,0,77,211,140,38,154,53,127,155,230,68,30,0,0,64,24,120,129,7,12,240,225,247,251,255,15,8
72,224,151,72,50,226,135,68,130,16,15,156,203,115,238,63,32,130,136,17,49,17,131,24,226,207,207,35,120,255,192,59,12,6,216,33,29,224,128,243,3,0,0,254,255,195,227,255,248,31,255,224,9,95,254,255,255,255,7,0,52
165,167,77,131,225,255,62,141,230,55,19,0,196,177,255,199,31,125,71,135,224,140,126,244,209,131,131,255,255,239,199,255,31,128,176,63,255,143,14,62,254,252,32,142,17,32,0,0,136,8,127,16,241,255,255,255,255,33,8,119,0
37,253,79,7,128,255,62,68,158,255,15,222,131,97,255,223,29,125,0,8,0,0,112,124,193,131,131,255,255,239,63,0,97,119,239,238,234,114,127,81,186,161,252,151,2,199,227,127,120,7,239,240,142,127,255,255,255,31,2,0,15
53,254,197,227,249,255,3,131,229,15,16,24,108,0,112,192,16,63,196,135,248,140,255,255,249,227,227,251,255,127,64,142,130,34,112,148,255,15,128,8,16,112,254,127,144,48,225,64,248,8,31,48,240,255,255,255,127,0,0,16,24
1,130,159,0,0,96,3,0,96,111,240,0,195,115,254,255,63,238,3,0,0,6,48,128,0,0,196,33,56,247,0,0,0,0,48,4,71,3,0,0,16,252,107,58,240,1,0,16,0,119,240,23,47,240,224,129,199,227,249,255,63
97,253,8,4,128,187,224,38,211,220,192,131,100,144,191,161,17,96,4,8,0,0,64,132,49,34,0,252,255,1,240,217,123,246,198,222,236,237,239,191,25,122,191,67,216,62,192,2,180,128,22,104,225,207,127,127,90,60,1,17,48
202,249,155,253,51,246,199,127,31,248,15,12,3,97,238,63,50,206,159,255,255,25,143,24,227,199,199,97,120,255,128,191,255,239,15,0,0,96,156,251,3,0,240,254,15,1,202,252,191,95,247,117,47,243,238,25,223,207,65,248,63
74,141,217,126,19,176,165,237,22,148,75,3,0,2,240,63,127,247,223,253,187,31,139,0,2,198,70,0,216,191,176,179,243,238,158,153,128,8,204,187,119,103,50,255,137,60,0,0,4,248,255,255,127,128,1,2,0,0,140,21,24
71,237,221,110,1,179,224,38,208,252,201,207,64,16,243,129,191,247,239,221,25,0,224,140,51,103,0,48,254,27,240,155,57,102,6,132,204,108,230,153,49,51,191,111,128,254,255,255,253,63,63,241,2,0,126,254,255,28,6,0,1
33,189,236,38,128,155,48,34,217,222,232,255,71,16,187,225,157,115,70,136,0,0,240,206,17,34,0,56,255,0,244,223,153,32,116,206,239,12,194,140,25,59,255,67,200,255,255,255,228,153,52,65,3,128,125,243,210,124,95,51,32
1,189,12,4,0,51,33,38,211,188,72,139,197,48,246,199,25,98,0,8,0,0,96,136,115,2,0,112,222,59,32,74,241,86,220,138,173,8,132,29,41,42,254,197,8,247,123,239,128,27,112,1,7,152,247,197,205,225,184,127,1
7,61,204,3,152,255,96,38,195,253,1,159,207,1,246,207,56,55,134,193,16,156,235,254,251,3,0,112,255,191,224,223,31,64,224,254,239,127,127,16,32,40,254,133,8,255,83,254,148,15,16,0,0,184,231,207,203,231,185,255,0
1,207,191,3,82,170,39,128,186,6,237,131,227,123,255,199,111,63,129,0,0,6,49,104,0,64,252,179,237,223,88,179,153,64,184,221,145,12,0,155,255,55,19,255,12,126,18,31,128,150,252,255,15,104,251,247,227,251,255,255,24
33,253,77,36,128,155,48,179,249,206,224,255,103,89,255,225,25,97,68,8,0,0,112,206,17,34,0,184,239,0,252,219,157,50,94,238,229,14,130,223,17,187,223,99,192,255,251,127,236,129,53,88,195,255,255,255,215,0,94,49,32
33,253,13,6,129,191,53,38,219,222,128,219,239,113,254,199,25,114,4,4,0,0,96,204,251,67,2,240,255,159,60,10,233,119,86,206,239,44,164,157,33,57,159,165,76,222,121,127,218,15,249,144,255,255,247,229,239,67,252,255,1
72,61,0,120,62,49,192,118,219,252,128,59,255,33,196,31,0,128,204,208,63,255,143,128,255,103,68,0,140,17,32,156,241,255,239,205,206,248,255,25,1,32,26,255,8,62,124,236,223,255,251,63,246,177,133,0,0,132,160,255,11
64,72,15,4,0,240,218,86,139,250,165,0,130,97,236,255,19,224,0,24,0,0,0,0,1,2,0,128,254,255,218,27,13,70,201,40,140,98,148,213,162,160,220,181,38,7,128,24,32,6,196,64,12,98,207,223,27,143,99,248,63
225,247,77,4,128,223,88,44,150,189,91,255,199,48,255,199,25,96,0,0,0,0,112,244,1,2,0,244,253,15,231,93,23,215,229,186,174,251,95,84,233,234,126,213,139,245,243,127,176,9,54,96,67,123,255,255,219,254,25,243,32
8,162,1,72,18,96,3,129,32,1,27,130,72,114,226,39,0,128,0,24,17,17,1,0,98,204,204,0,24,119,192,43,224,10,88,1,4,32,128,98,0,236,0,156,63,1,192,226,184,1,54,96,131,27,110,222,223,110,2,240,32
193,242,15,0,0,238,95,12,166,51,31,0,143,97,236,255,1,32,0,0,0,0,112,240,193,131,131,227,121,255,71,30,130,132,240,16,31,71,136,33,66,64,224,248,255,8,224,125,120,15,239,240,254,127,255,255,255,3,0,0,55
8,226,147,200,50,96,7,4,166,51,15,20,139,127,236,63,34,134,136,17,49,55,7,0,226,204,205,1,56,119,0,8,161,202,65,9,223,163,148,115,0,228,16,190,3,1,242,175,252,147,127,251,79,39,255,255,59,156,6,0,10
8,172,0,72,50,98,3,4,230,55,11,146,203,123,254,31,0,0,136,0,17,23,131,24,98,196,204,1,184,127,0,4,161,233,48,24,211,27,12,16,244,246,58,254,1,32,58,142,143,243,113,255,71,176,227,130,1,224,56,119,11
8,237,131,64,50,242,135,108,23,188,75,155,205,32,100,15,0,6,128,241,49,255,7,24,98,198,196,96,152,119,65,137,83,66,252,191,0,120,222,121,33,114,122,223,137,116,224,31,120,31,255,241,143,255,255,253,255,159,1,192,63
32,237,15,4,128,171,53,82,73,202,228,65,34,207,153,244,1,96,0,8,0,0,0,72,32,65,66,190,111,221,60,197,72,49,42,70,96,180,103,140,60,63,159,33,196,94,224,17,120,4,143,240,136,111,254,253,255,27,134,0,60
120,237,3,68,81,250,183,242,27,218,236,205,129,56,255,10,0,0,128,252,253,16,153,104,34,69,103,35,255,221,60,131,249,255,255,220,0,0,38,152,51,51,187,127,68,94,224,31,120,11,255,240,175,255,254,253,255,83,182,2,3
97,13,120,62,75,144,240,124,18,244,207,211,233,126,245,200,111,241,89,28,137,144,128,4,18,45,46,2,196,12,254,129,59,96,6,196,192,172,254,251,117,247,187,127,192,30,127,207,255,255,255,191,55,0,0,0,0,112,188,7,0
192,205,83,46,75,240,240,189,186,150,143,3,192,240,255,15,127,199,223,255,251,191,3,0,0,34,32,20,132,15,224,187,255,110,142,136,128,232,230,251,55,34,18,255,8,63,0,6,164,179,252,203,79,126,249,251,195,253,127,119,0
96,253,9,100,129,255,245,55,138,90,165,197,161,58,119,8,0,224,239,254,216,0,48,76,32,97,98,178,239,157,188,223,233,255,7,64,192,116,39,152,50,49,157,38,68,31,225,111,248,11,127,240,247,127,254,255,255,3,150,0,3
225,23,10,167,225,255,254,63,134,249,27,142,131,48,254,15,26,252,7,223,224,13,110,240,193,131,3,240,253,239,231,255,95,194,73,56,132,241,255,112,96,224,240,253,31,128,15,255,195,39,0,2,16,32,0,192,227,247,253,255,15
8,237,129,64,118,226,167,108,23,188,91,71,0,254,155,48,0,130,136,17,49,19,3,8,98,196,220,99,88,255,96,21,82,0,188,191,0,88,79,1,255,3,126,75,153,116,240,1,16,128,31,253,207,159,255,255,26,28,0,0,32
39,238,255,199,17,255,39,0,192,255,129,3,0,122,247,195,255,127,131,15,144,0,57,248,224,193,195,251,255,255,240,239,31,0,32,142,226,60,127,24,248,255,255,135,0,254,225,31,120,0,15,240,128,127,254,253,255,31,132,0,11
192,226,1,132,0,238,207,92,134,113,23,132,193,176,102,3,0,64,0,25,96,0,2,16,225,194,193,237,121,255,131,121,102,158,201,17,28,241,191,247,70,68,0,136,119,192,225,11,248,0,31,240,133,191,255,254,253,29,0,0,8
10,118,144,200,50,98,7,136,180,39,127,206,4,0,119,0,34,134,136,121,115,55,135,24,98,204,204,97,24,247,0,10,128,138,89,177,21,43,128,114,1,252,99,222,187,224,193,99,112,0,0,0,0,15,255,254,253,125,6,0,0
224,226,3,0,32,238,159,92,142,121,23,128,195,241,239,39,0,0,0,16,96,1,6,0,193,131,131,255,121,255,7,89,70,150,203,114,44,99,185,229,74,72,252,9,119,128,193,99,240,14,30,224,1,127,255,255,255,255,1,16,24
65,232,15,0,0,254,15,4,203,251,133,140,195,241,238,247,1,0,0,0,0,0,64,32,225,195,3,224,123,255,10,8,129,198,210,120,141,39,132,249,0,32,253,191,7,202,225,126,176,7,182,96,143,123,255,255,223,239,3,240,52
225,162,204,229,176,119,195,31,65,120,128,0,64,176,111,131,19,238,199,139,112,8,71,184,241,226,193,252,190,119,192,223,15,50,216,6,101,32,131,125,24,24,252,0,48,65,224,0,16,0,119,112,231,191,255,255,221,5,0,112,1
37,230,237,163,233,255,62,0,207,251,48,128,244,177,255,195,223,127,68,135,200,136,126,252,209,163,35,255,255,207,63,0,128,176,208,126,253,7,131,255,89,248,253,0,112,0,0,128,176,153,254,225,7,139,255,251,251,253,9,49,0
64,224,1,0,0,98,7,68,130,184,11,26,78,67,168,53,0,0,0,0,0,0,0,8,99,198,196,32,56,247,0,24,64,134,200,16,12,240,152,33,2,0,32,94,179,32,225,113,248,12,159,240,136,79,255,255,255,14,1,128,52
37,236,15,7,0,253,62,0,138,242,143,221,207,113,254,207,61,121,0,12,0,0,240,244,147,39,3,131,253,207,63,0,160,231,243,124,207,7,132,217,178,177,248,255,2,195,225,127,224,7,252,192,143,127,255,255,255,255,127,114,1
71,201,159,135,1,254,255,60,130,247,15,128,247,241,239,207,63,254,132,15,192,0,0,120,227,199,195,227,249,255,255,255,31,0,192,120,140,247,255,245,99,33,244,253,15,200,135,223,225,63,252,195,15,4,120,252,255,255,255,2,1
88,253,129,224,122,247,129,102,223,252,0,155,255,97,238,31,0,2,128,144,241,223,15,136,243,231,199,96,254,255,0,152,17,230,252,255,205,111,254,251,1,16,248,127,0,60,120,30,158,223,243,61,239,249,255,1,3,199,97,255,63
0,237,3,72,82,242,101,32,240,181,75,159,197,32,246,11,0,0,136,16,17,31,139,8,35,198,70,32,216,187,48,152,24,166,198,212,223,237,234,187,17,18,170,127,208,190,131,239,232,11,108,0,0,62,254,254,255,251,190,34,3
8,224,133,65,48,238,7,192,23,188,88,3,255,119,238,255,23,14,0,0,48,1,7,24,225,222,195,225,121,255,0,0,128,204,156,253,153,73,128,255,247,3,0,254,153,52,64,24,158,215,243,189,239,249,255,13,15,135,225,255,31
74,237,129,196,81,255,167,100,151,188,11,219,255,123,252,31,0,0,128,141,241,0,235,248,243,199,199,99,253,255,32,13,81,223,239,251,128,240,127,16,32,226,246,221,15,52,44,93,255,239,255,182,255,255,210,36,253,131,252,79,15
0,13,0,0,0,48,33,84,138,218,173,1,131,97,252,95,0,0,0,0,0,0,0,0,0,0,4,0,236,95,24,128,41,101,162,76,202,84,38,153,50,49,153,254,68,15,0,20,8,21,161,17,138,208,195,135,135,66,127,255,39
127,253,221,239,113,255,167,70,155,248,129,253,239,123,244,79,61,95,207,239,249,144,255,124,243,231,231,227,255,255,184,153,123,230,206,76,64,112,254,185,49,48,248,127,0,218,255,223,255,255,255,253,143,151,255,253,255,15,2,0,7
64,237,3,0,0,240,37,36,146,148,143,147,205,50,246,79,0,0,0,0,0,0,0,0,34,70,68,0,136,255,8,152,80,38,220,133,76,104,194,187,19,18,8,127,144,60,130,239,232,19,125,209,7,62,250,254,255,251,190,6,11
101,253,201,231,193,255,244,86,139,218,165,249,255,249,255,207,17,123,196,142,216,0,112,254,249,99,3,250,255,223,190,219,237,118,211,108,237,6,128,221,1,176,252,55,0,199,255,255,255,255,253,159,63,152,64,128,228,227,254,255,1
225,127,7,0,128,153,56,114,219,222,228,1,4,193,221,252,1,0,0,0,0,0,64,196,17,35,2,152,231,8,62,200,12,114,207,238,228,238,255,255,25,185,255,35,228,15,224,8,60,142,207,248,236,231,255,63,31,5,0,196,31
0,12,3,0,2,0,1,34,81,238,240,3,2,123,253,62,0,0,0,0,0,23,0,128,2,0,92,0,8,49,0,0,0,33,38,196,71,28,98,128,17,255,223,119,236,223,0,24,0,6,192,191,142,228,215,39,39,131,229,207,31
97,29,12,0,0,17,48,4,219,255,133,9,4,128,17,192,1,0,0,0,0,0,64,0,1,2,0,16,134,0,116,152,25,102,198,236,207,111,246,217,49,48,252,255,0,63,224,97,120,0,15,240,192,7,31,62,60,12,2,0,33
0,12,2,0,0,17,0,66,65,24,0,14,4,128,17,0,0,0,0,0,0,0,0,0,0,0,0,24,134,0,0,192,1,112,72,14,224,32,135,28,56,60,28,2,0,240,193,97,112,8,14,224,128,135,30,60,60,28,132,0,48
224,13,2,4,0,17,112,42,69,237,112,2,0,128,17,0,0,96,0,0,0,0,0,0,0,2,0,28,134,0,129,168,168,170,66,4,85,173,162,255,17,252,139,126,240,218,225,97,120,0,15,240,128,7,30,62,60,28,134,0,0
72,233,131,68,16,98,131,236,150,180,11,131,203,115,238,127,1,70,128,9,48,0,128,24,99,206,196,96,24,119,64,59,211,206,220,153,140,104,204,115,35,34,50,223,11,52,224,52,184,5,183,112,139,91,126,255,255,79,3,176,53
231,247,9,231,1,255,255,63,224,55,27,250,255,255,111,131,17,124,134,15,0,0,96,252,255,131,131,255,253,255,191,188,35,239,103,29,222,255,126,50,100,116,0,254,17,56,229,255,255,47,255,242,255,127,36,254,255,39,0,17,8
72,173,0,76,18,242,161,100,159,248,11,67,232,58,117,8,34,128,8,184,57,17,128,0,34,230,198,0,254,63,32,145,81,100,156,156,136,72,70,57,255,3,56,255,8,60,8,133,66,249,127,133,35,148,122,160,252,113,190,35,1
0,253,5,0,16,162,103,2,65,233,112,130,203,115,238,255,0,32,0,0,0,0,0,136,32,65,192,98,89,187,240,136,8,34,66,68,68,36,170,168,0,125,191,43,212,26,96,31,216,15,251,176,143,253,255,237,255,135,129,207,31
67,176,140,68,0,119,195,46,65,188,64,171,214,209,174,231,27,230,134,9,16,0,96,152,255,66,64,104,26,115,192,223,23,16,96,2,46,112,223,4,8,8,252,1,187,181,127,254,159,127,242,35,15,65,4,201,207,231,65,255,60
97,233,9,228,129,255,31,18,73,90,164,253,255,115,246,15,0,64,4,202,112,0,96,184,231,3,1,224,120,255,138,139,236,247,23,0,69,6,128,221,0,152,253,51,98,7,143,223,255,255,255,69,47,248,248,193,253,255,127,255,1
7,168,253,67,16,247,193,22,130,248,129,0,240,254,127,192,255,255,235,3,0,0,0,12,240,228,245,243,254,23,192,213,9,0,128,14,232,112,63,29,250,1,252,1,0,10,0,164,255,151,112,255,15,48,229,254,131,229,184,119,3
65,189,4,0,0,117,8,2,65,252,192,195,241,188,119,202,1,0,0,0,0,0,64,132,83,166,32,80,150,2,1,136,20,98,69,172,197,42,214,92,17,248,126,87,160,229,241,100,44,129,37,88,242,63,223,190,149,0,18,34,3
32,189,0,0,0,17,8,34,113,239,240,79,36,0,119,0,0,0,0,0,0,133,0,128,16,32,48,248,255,0,0,128,52,32,5,164,255,42,210,72,145,186,94,87,160,247,193,71,240,9,62,0,0,159,127,248,252,124,158,3,1
79,141,255,207,83,242,231,63,224,55,7,0,224,127,255,203,255,255,255,31,48,0,1,136,226,197,239,99,248,255,224,255,31,0,0,1,222,255,126,26,116,119,3,254,0,24,0,128,135,247,255,255,31,120,128,194,195,255,121,255,31
199,137,253,127,1,184,245,63,192,220,201,3,220,181,110,135,187,242,255,143,128,0,64,192,43,67,2,32,91,249,244,255,31,2,64,0,36,252,255,223,1,8,223,225,206,31,4,192,193,63,248,131,31,24,0,224,227,247,253,63,32
26,13,244,72,126,50,161,196,31,216,129,73,237,41,245,202,238,31,0,112,255,255,159,13,32,252,253,35,140,19,64,181,91,69,248,255,0,208,111,1,254,3,184,239,0,26,58,133,207,253,249,159,111,144,115,131,0,80,254,47,37
176,118,3,0,255,140,191,217,63,2,191,44,2,193,139,53,0,16,0,244,226,111,31,96,128,1,3,255,97,255,127,75,206,146,251,255,0,32,185,228,201,237,231,129,255,138,208,50,180,4,0,254,253,111,61,127,19,188,75,144,56
3,252,141,4,128,47,3,2,81,173,80,255,11,111,192,254,9,38,0,0,0,0,240,255,121,192,192,120,126,51,32,0,0,243,96,158,230,57,79,0,8,252,255,1,0,56,96,100,88,9,43,176,242,255,255,253,255,3,128,34,37
216,195,3,206,115,236,191,249,29,99,254,68,0,206,153,48,0,144,147,255,255,39,15,224,128,1,207,231,121,255,191,41,254,255,15,113,16,160,248,226,197,255,3,254,255,193,208,1,0,0,14,255,205,79,191,127,59,60,135,0,60
67,253,159,67,16,254,7,196,190,181,15,159,143,0,228,223,61,14,132,129,112,30,247,56,225,194,193,224,248,255,64,63,27,64,248,217,156,245,172,179,32,36,16,252,15,218,227,127,24,14,64,0,128,115,254,255,255,135,32,254,31
64,125,0,108,16,179,161,237,150,148,79,159,199,33,254,31,28,64,135,249,185,14,243,152,1,2,0,96,252,63,160,191,251,239,223,217,129,0,128,179,101,103,147,255,13,254,57,126,136,11,96,0,244,248,227,199,199,227,252,255,11
96,253,0,0,144,255,229,118,219,252,137,143,68,128,47,3,0,128,0,240,16,143,9,0,0,2,0,252,255,159,112,221,29,118,254,238,238,126,247,157,59,59,255,129,136,255,193,103,240,9,20,0,128,63,255,254,253,125,30,16,0
101,205,223,7,1,255,255,100,146,244,143,195,255,255,255,207,17,126,4,14,128,0,64,252,241,227,3,242,253,255,63,0,113,70,204,136,128,248,253,241,35,34,246,253,15,247,255,159,229,183,252,203,15,0,232,255,243,255,127,255,39
97,141,95,38,0,153,248,118,18,252,201,135,193,184,255,195,159,251,71,12,0,0,48,64,0,0,2,186,255,141,252,223,87,32,140,172,0,80,86,89,251,178,254,95,128,245,0,15,0,1,112,129,15,60,240,241,243,251,255,127,1
8,236,149,72,58,114,1,196,151,184,11,3,223,99,204,223,54,6,0,176,49,191,7,0,32,238,196,32,152,63,0,0,64,68,252,191,128,96,204,49,99,34,126,223,11,52,114,158,158,247,243,255,79,225,231,207,3,133,33,255,31
11,192,191,75,118,96,7,0,224,67,167,16,26,103,136,254,255,190,155,3,17,55,191,185,230,204,220,3,8,255,64,0,0,0,0,0,255,95,16,0,130,129,236,51,246,3,230,184,61,183,231,255,14,64,10,191,31,11,67,232,63
56,22,50,24,238,0,152,209,59,66,165,1,4,128,157,120,238,128,51,240,207,255,31,0,0,8,60,15,0,64,31,66,196,81,251,111,161,6,16,212,190,173,213,144,102,71,25,0,6,232,128,12,112,192,1,2,0,152,255,204,62
26,30,244,120,254,3,1,163,113,132,88,159,4,0,48,65,254,135,255,241,63,255,251,159,44,24,124,44,2,16,96,230,144,57,252,167,127,26,65,0,29,158,14,65,168,245,63,226,143,104,0,4,240,136,0,0,0,0,156,51,32
180,255,7,2,233,255,62,146,237,111,180,232,247,241,255,71,0,24,0,4,192,207,14,228,144,33,35,255,255,204,63,192,8,178,115,126,255,47,187,236,216,253,253,34,116,10,193,255,254,15,254,192,15,255,255,255,251,255,255,255,37
1,238,141,0,0,114,3,128,162,5,11,130,207,115,254,223,37,34,0,0,0,0,240,56,0,68,196,32,184,255,64,54,1,0,240,253,223,15,0,17,246,34,16,254,3,96,32,30,136,191,243,48,223,121,231,223,207,195,121,255,63
0,236,5,0,16,114,1,192,223,156,1,131,237,49,254,207,4,0,0,0,0,19,17,8,0,198,68,32,252,63,0,0,128,32,248,255,205,1,128,57,114,16,248,127,0,24,0,78,140,155,249,24,199,56,247,239,195,225,252,255,11
33,239,15,2,64,255,124,31,232,71,165,128,231,249,255,199,25,113,0,4,0,0,112,228,17,33,34,242,255,143,255,238,137,0,18,76,255,15,32,156,60,125,159,38,68,30,0,31,192,255,253,219,223,126,241,247,227,251,255,255,39
0,248,133,0,16,246,3,64,159,248,129,152,255,115,238,207,0,2,0,0,16,1,3,24,227,198,197,97,188,127,0,0,192,98,248,124,132,32,134,121,32,112,248,190,0,0,225,254,254,95,255,48,143,251,255,253,255,231,1,255,24
0,252,1,0,0,50,1,192,95,216,224,139,231,49,255,79,0,0,0,0,0,3,1,0,0,66,64,96,190,55,0,0,192,247,254,254,69,0,130,189,17,16,252,43,80,24,0,238,206,155,121,0,199,188,255,231,225,241,252,127,3
225,239,15,6,129,255,126,63,230,55,15,254,235,127,254,191,1,112,0,12,128,0,112,124,1,3,2,242,255,239,247,190,187,238,6,24,223,143,174,187,117,119,179,254,5,88,224,31,248,135,255,248,223,127,255,255,255,131,245,239,31
231,237,15,7,65,255,255,255,182,181,15,246,235,127,254,255,1,124,0,15,128,0,248,255,243,227,131,243,253,239,247,255,31,192,168,153,154,249,126,50,103,102,50,254,13,248,226,191,248,7,255,241,143,127,254,255,255,255,129,1,56
225,253,15,4,128,223,254,126,150,252,75,159,203,115,238,191,17,96,4,136,0,0,112,192,1,3,0,244,245,239,183,157,119,231,45,184,130,251,127,0,242,242,122,223,139,180,32,60,8,7,225,22,254,127,194,133,223,195,113,255,63
97,248,13,4,0,247,10,64,91,216,128,1,223,113,238,255,31,64,0,8,0,0,64,128,1,2,0,224,127,255,26,8,196,86,217,234,4,34,148,223,1,160,220,149,46,39,32,88,24,14,195,48,252,251,239,79,15,131,97,255,62
33,13,78,0,136,17,0,192,243,156,192,3,197,160,255,203,191,39,4,0,0,139,64,4,17,34,0,120,158,0,32,0,0,34,220,173,221,106,214,91,17,18,90,87,160,55,0,68,12,139,97,0,198,48,211,182,131,193,254,110,7
65,249,137,68,144,255,129,212,155,80,133,249,255,127,236,31,1,64,128,8,16,0,208,125,177,238,67,241,253,95,200,151,203,101,186,92,201,68,6,153,254,3,188,174,0,218,253,30,140,239,247,60,255,251,239,207,199,3,120,255,63
1,232,13,4,0,254,39,208,139,82,165,1,222,119,236,255,49,98,132,0,0,0,240,123,35,70,3,32,104,253,120,16,10,132,242,84,95,69,40,161,66,1,169,126,85,10,0,0,56,143,247,112,238,255,255,255,223,3,65,250,55
224,173,9,4,0,152,252,243,121,206,244,77,1,40,119,10,0,96,0,8,0,0,32,128,0,0,0,152,231,204,254,191,252,42,95,229,85,174,242,202,149,149,139,126,224,207,195,39,240,0,30,224,1,159,125,248,248,124,143,1,32
101,249,129,197,49,255,71,147,232,66,164,252,253,0,96,11,0,10,132,175,240,8,255,126,225,199,67,225,127,255,152,174,160,255,7,0,255,47,130,10,0,244,9,126,112,10,225,79,251,235,127,208,242,255,254,252,253,1,22,32,1
1,140,223,7,0,251,97,4,130,49,15,2,194,113,238,255,127,255,133,0,0,0,16,8,0,66,64,244,249,255,224,255,27,0,144,64,235,69,32,129,126,3,188,33,84,90,231,146,40,60,151,81,137,64,42,223,95,2,75,248,52
225,243,0,128,96,255,223,87,139,90,165,236,245,176,119,3,0,8,130,198,208,13,109,232,249,1,65,251,255,255,90,125,77,75,249,255,0,240,255,82,32,172,80,148,6,131,141,239,255,47,56,0,179,63,112,240,253,249,190,51,0
3,224,159,3,16,230,199,47,144,180,75,3,160,127,253,254,47,246,139,9,0,0,48,24,96,192,196,98,248,255,224,255,31,0,144,138,171,74,65,85,251,3,252,193,139,245,226,27,16,16,223,241,141,103,255,255,255,159,128,0,30
39,255,236,231,217,255,161,239,31,8,80,223,11,2,240,117,29,95,199,239,252,140,123,254,241,193,192,252,255,191,96,255,31,0,248,255,64,240,127,8,84,214,10,94,176,180,253,127,255,39,23,114,249,127,6,126,94,2,0,144,48
10,204,147,201,122,242,67,16,224,79,164,5,2,103,136,63,34,174,157,51,113,191,143,8,226,206,197,33,184,127,192,138,40,34,66,4,255,47,162,202,16,148,201,126,112,203,208,16,32,132,134,123,207,67,239,255,19,14,67,240,52
200,233,3,204,18,98,131,216,13,96,118,188,2,128,170,37,16,192,142,251,247,9,71,128,231,198,1,224,56,247,129,185,234,239,79,84,0,224,170,171,80,80,169,126,241,136,199,226,249,2,4,96,1,11,44,254,255,61,2,16,8
3,128,156,76,0,34,193,5,160,0,141,21,0,70,0,181,29,226,191,11,0,0,240,169,1,2,0,32,8,247,200,255,139,0,16,65,17,4,128,179,6,5,1,172,69,74,194,0,0,16,7,121,9,3,63,127,94,12,2,144,48
103,184,252,247,177,255,203,30,192,120,128,252,1,58,112,139,255,255,255,239,252,0,247,255,241,192,193,249,255,127,203,221,47,0,0,0,226,112,63,20,248,248,253,128,0,192,237,47,72,0,1,242,178,63,26,252,253,1,134,0,1
64,173,0,0,0,51,129,100,150,180,11,143,64,144,34,33,0,0,0,24,0,1,0,0,0,66,0,112,156,63,32,0,241,215,220,152,140,105,204,49,33,98,54,205,11,244,211,226,180,16,22,105,1,11,127,254,88,60,0,16,0
229,239,205,39,136,255,8,130,239,11,176,0,196,176,127,195,159,127,196,143,72,8,96,252,241,227,3,252,255,15,31,128,0,186,80,31,245,163,143,255,17,252,12,2,16,0,0,0,184,137,119,112,199,191,255,255,223,77,0,112,1
53,242,77,39,128,255,24,72,207,121,19,0,60,133,1,240,17,125,68,143,104,8,112,126,217,243,3,252,255,78,15,130,194,246,216,126,109,1,128,253,80,80,252,10,17,0,224,0,56,8,15,112,240,255,255,191,63,4,0,0,15
95,249,255,255,115,254,55,64,2,248,143,255,143,99,240,30,251,223,254,255,255,16,239,253,255,197,199,227,253,255,190,0,224,255,7,0,128,48,230,24,32,244,251,255,0,254,255,255,255,55,10,163,0,0,0,40,252,31,129,0,55
72,224,131,192,50,118,131,84,142,120,135,132,0,254,110,7,2,134,128,115,113,63,15,136,226,192,197,225,56,255,64,81,77,84,248,126,0,96,191,253,250,1,252,132,7,195,208,48,48,0,6,121,207,123,255,255,27,14,3,240,52
0,239,3,0,2,96,75,50,89,238,248,131,195,113,238,31,0,128,136,16,17,17,129,8,34,68,68,1,58,247,200,138,52,34,69,164,69,42,210,74,145,254,74,87,170,245,130,190,160,23,244,81,15,114,254,253,255,235,127,250,39
192,224,9,237,0,118,203,94,131,120,129,160,214,245,174,39,23,204,143,251,113,0,0,0,193,198,1,224,122,255,131,91,229,246,3,0,140,98,149,253,0,160,252,148,7,67,192,6,176,216,246,96,11,251,239,219,219,239,11,241,32
39,236,255,135,129,255,63,0,138,222,141,221,11,98,240,223,61,127,207,79,192,0,248,255,128,1,67,163,253,255,62,4,5,65,49,40,203,26,20,80,178,179,220,247,34,231,239,31,72,0,9,240,142,247,254,253,255,3,230,4,31
193,48,92,141,0,116,202,30,128,121,3,128,199,241,238,183,59,236,14,11,0,0,96,176,195,2,0,192,126,119,203,219,15,66,65,40,133,35,148,253,0,224,252,156,39,129,255,254,191,255,240,3,15,0,0,193,195,239,121,255,55
33,238,141,195,176,255,71,47,224,149,9,131,225,126,255,131,13,111,195,3,0,6,119,252,96,192,224,255,255,127,193,100,23,64,32,139,255,251,95,16,236,238,22,197,11,53,32,1,88,0,127,254,247,127,254,252,253,1,132,7,11
39,238,143,199,113,255,71,62,192,255,128,192,98,127,255,181,11,255,202,7,112,0,15,248,242,193,231,243,255,255,10,196,32,49,32,6,230,63,127,0,152,249,255,3,112,11,224,1,248,7,255,240,143,127,254,255,255,31,2,0,53
1,253,12,4,0,251,37,165,182,149,11,143,199,113,255,199,1,32,0,0,0,0,112,8,1,2,0,240,253,191,48,34,187,206,214,217,157,13,132,187,101,103,147,238,13,218,1,106,128,10,80,0,197,61,247,238,71,161,184,127,10
195,233,153,207,1,250,247,62,64,250,224,133,195,113,254,31,57,254,143,223,241,0,224,248,227,199,67,163,255,255,252,255,255,226,7,0,196,36,246,255,1,240,251,255,0,223,255,31,0,81,248,133,15,176,251,129,229,243,255,111,7
48,237,1,64,95,187,165,118,219,254,128,197,225,62,119,0,0,146,192,116,157,215,13,76,48,97,246,51,255,153,56,197,121,243,46,222,224,52,111,156,120,123,255,33,68,30,240,7,252,209,191,255,239,223,255,255,146,88,30,34,33
229,195,79,135,65,253,254,61,166,55,31,232,255,253,79,207,17,121,0,14,128,0,72,116,209,171,3,223,245,206,255,185,31,238,197,253,220,239,255,255,101,100,32,254,17,240,215,253,113,63,238,227,14,22,88,254,187,255,55,32,7
112,237,3,134,193,204,255,116,154,218,173,225,242,255,63,160,1,240,0,14,128,0,0,96,128,113,251,255,239,221,190,81,253,116,135,42,168,70,119,221,187,171,220,145,46,7,140,251,251,127,254,198,61,126,48,96,252,255,255,1,56
97,253,13,4,128,255,240,54,219,222,224,77,167,97,253,94,0,0,0,0,0,0,96,204,177,99,2,248,255,13,248,153,21,98,205,172,204,106,214,89,17,176,222,119,160,183,225,119,248,13,175,240,234,255,255,255,255,2,0,160,37
0,141,1,72,83,170,37,114,89,254,232,195,225,127,255,72,34,130,136,24,145,17,129,8,34,69,246,34,254,187,48,129,89,96,14,204,192,12,102,184,117,119,187,111,68,30,8,133,207,245,189,223,107,156,115,161,224,112,255,43,33
225,237,15,4,0,216,60,60,158,247,15,10,135,97,204,254,17,96,4,8,0,0,192,192,3,7,2,0,193,206,63,24,127,198,199,248,140,255,252,241,225,227,243,253,15,8,193,125,112,15,238,224,78,119,255,255,187,223,161,238,15
10,230,135,65,50,102,7,129,244,7,127,243,249,62,32,195,32,6,128,1,48,16,131,24,102,204,205,97,24,247,0,2,144,10,84,153,213,11,192,122,5,254,3,223,155,244,224,39,248,1,63,241,135,31,254,254,255,31,6,0,1
8,238,131,64,18,226,7,32,16,173,122,151,203,127,254,255,0,2,128,0,16,0,147,24,98,196,204,99,120,255,32,0,176,137,20,128,19,9,64,34,197,254,35,95,187,244,98,183,216,21,187,241,139,221,126,253,254,87,197,139,53
229,9,91,175,1,221,254,62,192,254,165,129,195,241,255,135,31,253,255,223,192,0,64,224,145,3,3,216,255,206,255,219,253,118,7,0,237,38,148,255,129,168,221,149,38,199,223,31,128,249,252,5,15,152,241,193,192,255,255,255,0
72,237,7,0,0,232,191,116,154,218,141,245,58,127,17,48,0,0,8,0,1,16,128,104,230,221,255,3,104,255,30,21,69,69,169,40,138,210,119,81,190,131,208,247,46,71,226,129,120,16,15,241,0,7,254,255,255,31,6,0,33
96,237,15,4,0,248,191,245,186,198,237,129,195,113,255,207,1,16,0,12,128,0,8,64,0,1,2,242,253,255,247,169,28,42,79,229,84,174,242,219,149,151,203,126,224,79,0,29,64,7,232,128,14,116,250,255,247,251,255,110,7
52,237,139,86,209,175,183,215,27,82,165,245,107,127,243,32,0,80,131,110,208,0,248,255,160,65,251,255,127,221,190,85,249,221,174,74,170,212,109,0,254,35,180,133,13,94,168,31,74,104,255,214,255,255,250,37,252,3,254,2,33
223,125,218,255,115,250,247,126,31,248,129,207,131,32,255,26,63,223,207,255,255,21,143,200,243,69,230,35,253,255,244,191,255,235,79,76,0,32,238,250,33,244,187,255,4,158,107,255,218,7,0,128,4,181,246,169,255,247,181,79,15
116,237,31,11,67,248,190,118,31,248,128,193,225,127,255,72,35,221,72,62,233,128,12,100,210,247,231,147,255,143,127,159,95,32,248,252,64,0,130,249,179,179,249,127,96,207,211,31,0,16,118,225,7,163,255,255,251,255,3,112,11
64,93,19,110,67,184,181,247,31,208,173,93,131,106,252,30,36,208,207,254,251,26,216,72,2,71,6,2,252,223,252,183,217,109,190,205,0,208,102,137,118,3,153,127,68,222,175,189,73,7,0,147,30,52,208,164,183,211,254,110,7
72,237,1,64,48,255,3,20,142,251,135,132,195,115,254,31,0,0,132,129,112,31,247,184,227,198,65,224,248,255,0,156,43,231,226,92,206,117,174,152,48,112,185,254,0,74,240,28,0,134,231,120,207,123,255,255,159,131,115,254,31
224,253,1,0,0,255,158,94,223,251,128,192,225,184,127,1,0,64,0,8,0,0,0,128,241,161,163,251,255,79,31,208,107,244,138,94,232,117,63,253,250,1,252,15,16,8,128,71,240,9,62,192,3,159,255,249,248,253,158,51,1
229,247,13,4,128,255,248,126,215,253,9,203,229,152,127,1,1,97,68,8,8,0,64,116,209,227,35,252,255,15,255,221,85,119,237,174,236,122,255,93,153,184,254,1,162,167,192,39,240,1,62,224,243,127,255,255,251,124,30,49,32
64,61,0,108,24,51,192,63,146,156,73,135,129,120,255,15,0,224,223,249,24,3,17,0,0,64,96,116,156,31,128,143,251,227,6,132,192,28,102,152,49,115,187,111,192,254,24,30,4,194,240,63,255,249,231,3,1,225,249,255,11
8,224,3,0,62,98,3,128,228,35,19,152,207,65,238,127,0,0,0,16,17,127,7,0,99,206,196,32,24,119,64,136,0,34,248,53,95,35,146,107,16,212,72,126,240,129,227,254,184,15,246,0,136,123,239,255,223,239,99,252,63
79,253,224,126,223,187,37,224,251,148,201,15,2,64,236,63,124,211,255,252,255,254,249,207,35,67,64,32,201,153,176,2,233,255,6,72,255,13,164,144,33,99,183,237,77,222,32,8,0,0,0,56,252,255,255,207,15,1,160,255,31
117,57,64,190,239,157,252,119,9,218,228,197,1,56,255,11,0,241,255,255,239,223,254,246,144,33,35,147,247,140,191,151,253,127,7,32,64,2,18,72,186,147,221,119,98,199,24,14,0,192,112,239,111,252,253,195,192,252,253,255,0
53,253,204,227,249,255,188,66,91,248,160,237,67,144,111,195,158,31,196,215,252,207,111,252,249,227,163,255,255,207,63,128,64,51,235,254,100,112,255,12,24,184,253,3,96,199,251,127,56,0,2,112,192,255,255,255,223,12,0,48,0
74,233,147,204,115,242,135,228,158,180,15,159,3,96,252,63,34,130,136,255,243,51,143,8,226,207,207,35,248,255,56,145,240,238,223,245,72,72,218,251,215,3,104,127,240,245,226,63,112,0,12,241,15,111,254,255,255,255,7,0,30
96,77,79,36,0,241,240,125,142,243,63,32,20,132,0,244,19,225,68,136,8,0,64,4,19,47,2,16,196,14,247,185,123,238,198,92,220,237,238,187,81,113,185,126,81,216,193,96,48,8,6,96,0,3,159,127,31,14,2,128,62
32,253,64,36,137,159,184,226,95,220,192,255,195,176,255,67,16,1,4,248,189,140,112,222,17,34,0,120,255,0,52,203,212,54,253,238,33,8,128,93,153,154,254,1,168,247,209,39,176,1,54,96,67,159,255,251,250,252,27,51,33
37,189,204,2,64,187,52,50,217,222,228,221,235,122,240,202,41,114,138,76,0,4,240,239,179,1,100,35,236,157,56,132,9,97,38,204,198,188,102,0,48,255,155,127,68,222,63,191,206,215,241,157,15,176,243,195,129,225,254,255,3
207,193,187,255,65,238,255,63,160,49,15,254,219,119,160,55,113,254,255,207,243,0,232,249,231,207,199,195,121,255,183,61,127,255,7,0,158,245,255,18,4,100,0,252,15,24,134,225,255,63,255,227,31,2,0,254,255,255,7,0,8
39,237,221,107,91,251,97,54,192,255,201,195,225,56,247,195,191,255,207,5,16,149,137,136,115,101,102,34,254,159,240,142,31,0,64,140,215,47,222,248,49,246,251,127,0,180,246,231,255,181,60,251,75,18,73,254,146,120,30,34,33
64,232,1,68,0,119,195,70,195,248,0,160,215,245,238,55,0,64,132,136,16,8,65,8,97,194,65,224,190,119,192,155,68,38,201,36,76,98,146,109,17,16,252,91,176,33,224,94,184,143,247,112,207,123,239,223,223,15,3,240,63
96,253,3,238,65,251,180,118,155,250,165,1,239,105,253,30,17,208,204,252,249,8,192,76,51,231,3,48,255,159,188,157,249,239,7,4,206,116,254,153,48,49,249,127,64,31,121,89,222,254,255,188,236,237,247,1,45,131,160,79,30
75,205,219,124,19,178,225,63,128,148,75,155,255,115,252,31,51,226,223,159,17,24,193,8,51,238,71,32,140,31,240,187,59,98,70,200,196,108,238,191,1,48,187,239,204,30,63,254,223,255,241,31,63,112,128,128,131,195,249,255,31
71,253,253,231,177,255,207,61,160,16,15,252,251,127,96,143,125,127,255,15,248,0,247,127,247,239,227,243,253,255,195,221,31,1,224,12,206,240,127,0,18,16,252,127,0,240,247,255,253,55,127,243,159,3,14,254,255,11,2,0,11
72,141,145,236,83,242,165,237,158,176,15,7,3,114,254,63,34,194,141,253,251,17,137,8,35,199,70,34,216,255,176,179,251,239,135,8,200,192,238,187,119,35,184,255,0,126,130,22,32,16,181,209,11,90,127,255,246,106,95,176,37
245,249,73,230,129,255,248,54,73,250,160,93,131,32,253,30,17,249,111,239,237,0,240,246,209,163,3,216,255,142,191,153,237,255,7,0,76,118,255,221,17,144,253,119,96,7,224,76,126,207,239,112,246,247,223,191,191,7,0,224,7
96,253,3,32,72,217,120,62,223,255,48,204,231,177,255,11,0,32,68,0,8,136,64,68,17,35,34,144,255,12,191,152,59,230,198,220,205,109,238,185,81,113,255,111,80,216,145,127,228,143,116,64,71,254,253,251,211,253,127,242,1
0,237,3,64,16,114,129,68,130,120,3,128,199,113,254,31,0,128,0,16,17,17,1,0,34,230,68,32,188,63,0,144,225,228,154,12,200,64,6,185,118,49,184,126,0,138,1,126,136,15,240,0,142,120,227,223,199,227,121,255,31
72,249,1,196,16,246,199,90,65,248,176,184,223,247,204,63,0,64,128,25,113,0,129,56,227,199,199,97,120,255,128,137,106,162,67,4,68,224,250,235,1,212,235,126,240,10,225,94,184,31,247,112,143,251,255,255,223,15,1,248,55
97,253,76,0,136,187,240,118,91,254,224,253,100,24,51,97,0,0,0,0,0,136,112,206,57,99,34,56,255,9,56,204,89,115,110,206,230,124,127,0,24,57,255,33,196,30,241,99,252,136,31,248,225,223,255,255,94,0,2,16,32
33,253,205,4,128,255,33,196,247,149,11,159,203,115,254,223,29,114,4,8,0,0,112,252,33,2,0,244,253,159,48,4,9,225,238,220,194,125,110,144,114,115,191,239,12,30,32,58,152,7,243,48,255,255,231,207,207,131,248,255,30
1,237,3,0,0,254,103,54,201,255,160,129,199,113,255,143,0,32,0,0,0,5,5,128,227,65,193,227,127,255,216,152,13,102,195,108,239,111,246,221,177,177,253,247,0,15,1,127,192,15,248,128,15,252,254,241,255,251,255,191,37
1,254,133,193,240,239,71,62,194,255,1,254,255,119,230,135,0,38,128,1,48,0,39,248,227,193,195,227,249,255,192,84,7,85,160,42,239,127,125,17,234,35,252,133,15,1,225,111,248,15,127,240,247,127,255,255,255,7,0,0,11
33,238,15,0,0,232,63,8,205,255,118,140,195,113,255,199,9,96,0,0,0,0,48,224,128,0,0,195,123,255,31,2,138,224,18,92,193,5,8,184,112,245,251,127,85,216,139,191,224,23,252,193,15,220,252,241,251,255,255,191,32
0,254,133,0,184,255,3,133,226,1,3,156,195,115,254,223,0,0,0,0,0,14,123,120,96,192,192,254,253,255,96,236,10,33,98,87,254,255,127,0,28,125,137,34,80,218,112,62,156,135,243,126,255,123,231,207,7,131,121,255,62
33,236,143,3,0,238,63,0,8,74,244,129,243,253,255,255,223,127,0,0,0,0,0,112,224,193,195,255,253,255,63,0,128,34,82,68,69,36,130,238,17,252,235,122,240,203,227,255,240,22,222,225,13,15,254,253,255,191,135,0,24
240,227,3,128,32,255,143,223,175,33,19,196,227,252,255,1,0,0,0,57,104,0,6,52,208,160,253,255,255,111,131,187,235,238,83,93,221,133,138,255,84,116,41,62,16,200,192,63,240,7,20,233,79,127,253,255,251,255,47,17,24
65,232,207,101,0,247,193,63,128,120,135,0,131,113,238,191,31,230,223,143,0,0,96,152,97,2,0,244,253,255,193,255,15,0,32,8,238,116,55,16,58,33,253,166,4,203,119,254,157,62,210,34,29,105,128,223,79,167,105,255,30
224,227,1,140,0,240,207,94,207,251,23,196,225,184,255,3,0,192,0,250,113,1,0,128,128,0,129,193,254,127,139,179,235,255,7,24,216,197,46,187,254,97,48,190,17,8,136,79,226,91,124,196,39,190,248,224,249,253,191,55,0
224,249,9,228,129,255,128,213,170,82,133,204,71,81,255,37,0,64,196,248,248,8,112,60,241,226,1,252,253,15,128,221,233,255,35,0,238,116,63,0,56,57,253,6,0,10,241,82,252,204,223,112,241,255,191,127,94,2,8,145,56
95,141,255,255,123,242,231,127,29,232,240,3,128,122,245,138,255,255,255,255,255,155,159,120,226,231,231,35,252,255,240,191,95,32,248,245,64,208,106,136,86,19,169,127,240,30,8,128,66,251,255,159,47,176,208,0,228,211,252,111,7
37,253,79,39,65,221,60,128,255,79,240,124,167,105,221,216,17,125,68,142,200,128,120,244,209,163,35,218,247,142,63,162,224,110,87,229,221,142,130,251,21,180,11,126,224,199,211,155,240,154,222,233,13,131,255,251,123,255,1,80,24
10,232,159,207,115,226,167,192,31,128,127,255,15,67,160,119,48,22,136,249,243,62,255,121,99,207,199,96,88,255,32,141,192,35,248,253,0,48,2,8,16,212,171,126,240,218,255,255,249,21,4,225,8,0,126,255,255,30,67,128,52
131,226,255,129,32,100,75,137,36,35,55,252,215,144,38,199,93,110,23,3,0,0,114,185,197,136,137,229,48,119,195,255,15,0,96,17,30,243,63,34,68,196,0,56,119,192,239,255,241,59,62,227,1,0,56,252,255,255,15,16,0
3,162,156,1,48,102,15,136,244,37,90,190,207,50,96,207,60,14,0,0,0,30,247,251,65,128,128,224,56,255,67,166,146,137,116,149,223,11,8,34,85,214,34,127,185,240,255,239,144,25,50,1,1,0,100,200,216,252,8,51,0
72,237,147,72,50,226,135,232,31,160,122,71,161,58,119,10,34,134,136,121,115,55,131,8,98,196,236,35,152,255,64,163,82,32,252,253,0,0,202,107,85,214,42,127,240,180,64,45,88,3,74,251,135,53,255,254,253,213,164,7,11
103,249,217,239,33,255,143,78,31,248,1,0,159,97,204,255,191,223,207,255,253,8,70,56,225,199,131,225,255,255,131,0,225,247,7,8,128,97,141,253,99,96,252,141,1,32,123,220,62,255,255,61,46,193,207,1,12,135,1,254,63
218,233,83,169,123,244,218,126,134,249,7,0,131,127,220,62,46,252,223,127,235,23,14,0,194,132,239,131,244,239,79,187,79,228,217,125,0,192,158,251,246,225,120,254,3,64,210,24,20,148,215,255,79,227,255,223,3,140,65,248,62
95,233,155,255,83,250,247,82,9,248,240,220,239,123,244,31,33,222,207,255,253,16,255,252,227,197,199,163,255,255,188,171,254,171,79,4,4,32,162,234,1,244,235,127,240,218,255,255,255,255,255,183,15,128,16,32,252,243,253,15,3
65,253,141,2,128,187,229,52,154,214,141,191,14,2,32,229,29,114,4,0,0,0,112,201,33,67,0,164,201,223,248,125,31,65,232,202,174,252,127,16,42,43,151,229,15,222,243,243,188,4,135,112,136,75,63,127,95,6,0,144,60
199,249,233,247,145,255,229,47,208,189,75,155,239,35,240,143,127,255,223,239,176,0,123,220,97,195,194,118,221,191,245,95,55,211,5,0,166,59,221,20,33,234,254,197,139,52,36,96,255,239,255,150,240,127,2,4,236,3,132,15,11
24,238,131,64,123,250,167,224,31,248,122,195,235,123,255,31,2,134,129,49,176,255,15,24,96,230,231,98,253,191,32,145,64,37,248,247,0,80,42,9,222,19,236,43,240,26,120,31,222,247,255,255,239,253,247,175,3,212,245,239,63
71,237,221,231,81,255,245,63,224,23,133,0,136,34,244,138,61,255,255,15,153,0,249,127,50,229,230,50,253,159,244,191,187,103,2,68,207,13,34,153,50,49,185,111,68,90,224,1,56,8,255,240,134,127,255,255,255,3,2,0,15
97,93,14,6,1,216,252,62,199,249,19,92,131,32,252,94,25,80,6,204,128,0,96,192,211,3,0,0,245,238,127,189,91,233,234,221,210,245,110,176,118,119,185,238,85,154,67,245,80,7,0,128,0,133,253,185,187,255,133,14,55
10,130,189,1,2,96,7,12,134,49,3,0,0,126,0,240,239,191,11,1,0,23,2,0,66,132,252,3,216,255,101,16,3,192,128,24,137,65,12,51,238,97,48,188,31,8,0,0,48,144,135,255,74,195,95,191,26,12,1,160,53
37,253,77,39,128,223,56,66,223,255,16,124,3,168,221,218,17,125,68,136,8,0,112,246,209,163,3,252,247,14,63,130,224,118,213,46,237,2,130,221,145,152,252,19,32,231,241,29,56,0,7,120,236,255,255,255,31,12,0,192,31
64,13,22,8,2,48,129,212,138,82,165,1,0,0,236,95,63,138,8,248,81,31,5,0,35,70,69,0,40,221,88,187,73,98,250,93,0,100,166,187,48,49,153,126,68,26,0,32,32,0,4,64,0,34,235,254,87,169,62,112,10
63,140,255,231,113,255,183,196,159,208,143,213,233,122,246,203,255,95,197,255,255,0,216,127,241,255,227,243,253,223,62,149,97,101,168,12,202,80,39,1,254,3,252,135,0,94,138,140,32,249,253,223,15,128,250,144,245,203,126,112,3
224,239,7,0,0,255,24,44,214,189,75,139,70,193,175,245,0,0,0,0,0,0,64,0,1,2,0,252,255,47,97,88,19,214,196,154,173,107,221,117,105,106,126,205,139,180,193,112,48,12,134,96,72,67,255,255,27,254,1,208,60
95,237,183,203,119,238,231,63,64,248,128,215,203,123,254,159,42,254,254,71,241,117,175,248,255,193,254,227,121,255,240,255,95,0,232,255,0,240,127,0,178,35,252,255,8,255,126,63,65,7,232,191,31,116,208,161,163,211,253,111,15
30,255,147,203,127,254,199,63,192,255,11,255,7,0,240,31,0,158,143,247,255,255,239,248,227,197,199,227,249,255,192,253,31,1,232,254,238,255,127,0,240,243,255,255,15,252,227,127,120,0,14,240,128,127,254,255,255,31,132,0,7
116,253,131,246,245,239,247,63,128,218,173,221,131,122,254,15,0,240,207,231,248,159,255,252,32,65,226,243,253,223,188,205,125,123,39,72,130,244,119,0,168,191,223,245,14,143,183,255,239,7,32,154,223,126,64,246,167,195,254,239,7
1,253,79,6,0,249,116,46,215,253,73,95,143,67,208,254,17,112,4,8,0,0,224,212,83,167,2,0,213,175,53,142,251,231,247,252,207,47,142,56,112,240,251,255,0,248,243,249,28,150,195,57,140,225,223,191,15,7,128,204,63
33,200,15,4,0,208,62,80,138,90,165,0,2,193,170,245,31,120,4,8,0,0,64,0,1,2,0,128,105,255,62,0,68,86,203,106,172,102,181,213,168,169,253,145,102,199,195,144,48,20,134,97,8,3,63,255,59,30,3,128,60
202,253,131,238,115,254,247,62,219,254,205,223,143,1,252,31,0,194,143,255,251,29,175,216,227,69,198,34,252,255,176,157,125,255,39,8,194,242,127,0,176,176,251,255,2,167,231,255,255,15,104,0,144,127,210,253,255,211,245,111,15
255,137,217,255,121,255,248,117,138,80,143,129,245,189,127,131,23,255,253,191,248,137,15,108,241,255,227,255,253,15,218,251,127,118,0,0,76,224,255,255,19,0,156,6,0,15,158,143,239,255,255,223,127,24,0,192,192,248,127,115,1
72,237,1,0,16,178,165,98,27,248,224,195,235,127,255,24,0,0,128,0,16,16,129,8,34,229,238,34,220,187,112,145,88,36,142,196,72,220,106,137,87,19,169,127,240,94,160,23,232,29,191,209,139,222,255,253,255,123,223,10,37
64,77,11,12,0,48,32,84,138,82,165,5,2,209,238,119,23,192,4,248,81,9,0,0,1,2,0,32,168,93,24,0,233,70,202,72,140,100,164,153,32,33,217,182,4,139,128,50,160,4,128,64,9,74,233,215,211,235,123,248,60
8,237,145,72,18,34,7,36,178,181,75,67,233,126,247,202,35,2,128,16,17,17,1,8,102,204,236,34,136,63,32,0,177,64,20,136,129,8,68,51,103,102,18,221,143,52,0,105,216,3,123,176,135,61,254,254,255,247,180,71,11
31,206,255,195,115,238,55,128,234,7,143,25,252,1,224,207,255,63,136,7,208,182,255,125,226,205,239,227,249,255,124,2,129,0,80,236,223,15,128,251,49,245,251,255,0,207,231,223,248,31,255,193,0,2,254,255,255,255,6,0,3
8,14,23,8,126,0,11,224,190,133,79,71,32,126,17,96,110,0,0,112,3,63,30,0,0,4,12,3,0,254,63,0,0,64,253,251,149,10,212,82,161,238,83,221,143,181,192,160,48,0,4,251,8,3,14,62,31,12,2,128,62
117,125,80,174,107,217,252,126,91,250,164,221,15,0,240,11,24,17,79,254,237,223,254,230,147,35,34,146,255,12,191,223,255,247,255,252,0,16,58,0,240,241,255,127,112,139,223,255,255,31,16,0,0,128,113,64,64,252,223,51,32
116,237,87,42,75,249,120,54,219,222,236,197,227,121,255,15,0,57,64,6,200,128,76,236,179,103,99,179,255,207,254,155,159,98,87,236,197,47,246,251,49,240,251,127,0,15,222,191,247,247,254,239,79,8,161,66,1,252,255,255,24
127,121,203,254,73,187,240,119,27,216,200,255,207,115,240,31,0,64,204,252,255,152,248,255,255,103,7,2,253,143,188,157,249,255,7,0,196,244,254,153,1,48,153,255,4,31,30,222,255,255,255,255,127,248,225,1,0,225,253,255,10
65,253,15,4,0,152,244,98,17,156,200,19,8,2,208,152,1,96,0,8,0,0,64,128,1,2,0,32,201,155,244,189,88,46,206,197,84,252,230,139,21,23,139,103,204,190,225,97,120,0,15,240,128,231,159,63,63,7,128,0,31
225,121,91,60,3,144,240,119,27,218,236,249,255,247,140,63,0,64,12,156,129,0,192,192,191,127,7,2,232,221,188,153,125,111,7,0,204,254,246,219,35,32,216,247,12,159,27,254,134,151,240,13,15,232,225,195,67,247,249,255,30
8,205,147,238,83,250,55,116,154,246,143,7,131,113,238,63,63,254,143,255,241,11,27,72,32,195,195,226,253,255,240,87,251,212,158,72,137,68,36,181,123,35,253,165,13,90,254,159,255,247,255,255,79,66,9,27,3,188,99,192,62
88,237,145,74,87,170,181,100,155,252,205,71,32,126,113,200,127,151,139,252,187,191,11,64,34,69,70,34,221,155,52,16,88,101,174,204,72,92,103,153,255,3,252,103,204,222,224,1,16,0,15,240,128,175,255,255,255,21,128,0,8
229,9,76,167,129,255,216,126,195,248,0,252,1,32,117,202,27,253,70,223,232,0,96,180,209,163,1,252,255,78,207,253,127,97,33,4,194,242,127,8,178,176,252,22,32,67,223,207,247,251,126,207,119,136,0,0,64,252,191,119,8
229,119,255,39,128,223,120,43,245,173,82,254,10,66,128,244,159,127,231,207,40,0,112,254,81,34,0,252,255,2,199,253,54,171,4,149,118,249,95,42,85,222,10,75,184,244,243,243,52,4,134,96,72,195,63,127,26,14,1,128,60
39,232,253,255,177,255,79,4,160,16,135,0,200,115,252,223,255,255,255,255,249,0,254,124,192,195,195,243,255,255,143,2,224,247,3,0,235,2,0,24,250,49,252,151,0,1,32,0,24,232,255,244,255,255,255,253,255,3,0,128,62
3,236,253,3,0,242,37,128,162,16,7,188,94,87,160,245,125,126,0,0,0,0,240,127,35,70,0,32,120,255,56,2,128,66,114,72,143,4,128,144,32,33,145,174,69,218,255,255,184,20,151,113,9,0,47,255,94,46,3,176,52
0,237,129,64,16,234,167,98,31,252,72,195,225,126,119,64,0,2,128,120,48,7,19,8,32,192,244,99,254,187,32,195,208,112,124,254,64,0,66,60,121,251,255,67,128,124,226,15,232,17,127,255,143,158,255,254,253,89,158,2,1
112,237,1,68,144,191,161,230,31,248,9,195,96,252,127,0,0,194,192,120,60,129,1,8,112,240,240,251,255,19,160,209,249,245,142,206,104,72,103,189,123,3,252,1,128,126,240,7,252,217,127,253,231,191,255,255,248,124,22,32,1
88,73,3,222,65,234,183,246,27,216,173,133,66,245,239,39,6,210,175,254,247,3,9,64,32,71,71,35,123,253,188,215,252,247,143,66,0,64,97,141,251,3,253,33,236,159,12,55,195,101,56,199,59,220,112,32,252,123,255,11,33
192,185,192,244,152,127,129,238,23,184,72,131,213,241,239,7,19,198,230,249,254,8,65,152,125,242,64,252,159,51,128,221,115,247,204,130,0,240,223,61,9,10,62,193,136,116,120,6,26,248,247,60,239,249,231,1,204,4,0,255,0
96,205,3,0,34,64,138,212,139,90,165,192,227,253,255,3,0,0,0,48,0,3,4,0,0,0,253,131,46,84,10,209,73,116,186,126,8,80,55,157,254,3,252,39,68,11,144,11,228,242,124,239,79,46,249,242,113,253,127,85,8
195,225,137,197,145,239,199,63,160,148,75,159,3,115,236,63,1,70,150,207,242,0,113,249,229,193,192,253,185,255,128,189,119,255,5,0,154,248,95,0,231,38,2,223,139,180,96,56,24,6,195,112,255,127,238,253,255,3,96,254,63
0,238,3,0,18,224,39,18,201,251,180,192,227,127,255,10,0,0,0,0,0,23,1,0,0,0,228,3,254,223,56,8,40,34,66,68,231,39,163,140,0,253,255,34,100,11,0,15,192,3,120,255,15,190,255,255,243,251,255,103,11
15,236,221,71,17,255,231,45,162,148,11,215,235,123,244,158,49,127,204,7,16,0,241,125,243,239,199,99,253,255,224,191,159,64,144,13,219,8,0,27,246,35,16,254,0,254,251,31,8,16,251,177,143,253,255,255,239,3,160,111,15
37,237,253,7,128,187,117,36,226,150,141,3,201,115,254,207,63,127,199,4,0,0,112,124,49,99,66,240,255,159,240,255,27,0,208,204,205,12,160,157,49,49,189,103,68,30,0,12,8,19,241,17,143,48,255,255,199,195,252,255,3
64,237,7,0,0,240,39,100,146,148,15,131,203,115,254,223,1,0,0,0,0,0,0,0,34,199,70,2,216,255,116,152,25,102,222,220,205,108,230,251,51,51,187,127,0,62,128,159,232,23,253,209,143,126,254,255,255,251,127,100,15
39,237,205,7,0,255,52,2,203,250,160,129,253,121,255,207,187,127,128,2,0,0,224,254,251,227,67,249,255,223,24,136,0,34,80,78,229,44,167,189,17,56,255,39,64,30,0,4,8,129,253,216,239,255,255,247,247,67,126,242,3
65,189,76,36,0,177,240,102,211,156,73,143,193,48,246,203,27,97,70,136,8,8,96,132,17,34,0,16,205,15,180,157,121,103,134,204,206,124,230,153,51,51,155,127,192,190,0,46,128,3,112,0,71,248,241,227,195,243,253,255,1
65,237,157,68,16,50,193,100,146,148,15,139,197,48,246,207,49,98,140,136,17,0,193,8,35,70,68,32,152,63,32,25,241,70,204,136,140,104,196,51,35,34,18,237,15,188,35,254,136,7,241,16,143,120,234,255,215,227,123,255,7
0,141,3,0,2,32,65,32,80,206,232,3,0,99,252,63,0,128,0,16,0,17,0,0,2,4,4,0,8,51,128,130,176,32,6,4,85,12,194,138,17,183,139,127,192,63,0,0,0,4,128,49,12,96,246,237,239,131,225,207,62
33,125,76,4,128,25,56,163,251,134,232,207,71,16,255,193,17,96,4,8,0,0,112,134,17,2,0,156,199,0,63,138,177,127,214,207,255,14,192,159,49,62,31,71,136,255,49,118,128,9,48,0,241,255,235,199,194,96,127,255,32
33,253,76,6,128,157,56,32,251,222,200,255,239,113,254,207,25,113,4,136,0,0,112,230,17,3,0,220,231,8,63,0,160,119,119,206,239,30,101,144,41,59,223,229,12,255,123,127,222,143,241,16,239,253,247,199,199,163,249,255,30
160,18,12,4,128,1,184,253,190,0,143,135,195,241,255,135,1,96,0,8,0,0,16,0,0,2,0,28,134,0,191,119,241,221,183,11,187,64,5,23,254,3,20,132,15,255,1,30,128,7,240,0,255,120,224,195,195,227,127,255,0
64,205,3,0,0,0,128,124,30,248,143,131,227,255,255,63,0,0,0,16,0,1,0,0,0,0,12,0,128,0,0,145,95,228,159,252,8,64,126,249,255,3,248,255,15,63,0,30,192,23,252,239,15,124,253,251,243,255,255,255,63
67,249,137,197,0,247,195,63,192,248,1,20,131,98,244,31,17,226,206,143,48,0,64,152,243,199,65,96,252,127,192,191,111,103,0,12,204,240,190,25,48,48,248,254,0,200,241,14,24,2,67,112,214,127,255,255,159,5,0,116,11
65,253,0,108,1,179,225,46,210,252,73,223,199,48,255,15,0,192,206,249,185,0,0,136,115,66,64,112,220,31,160,159,251,255,7,0,196,120,206,25,49,50,186,239,0,188,127,254,159,215,240,29,47,248,227,129,195,227,249,255,15
97,253,77,1,0,255,10,102,211,252,73,131,240,253,255,195,19,111,0,8,0,0,64,188,241,226,225,248,255,31,0,16,81,100,140,188,200,104,223,125,251,34,126,223,136,52,0,0,180,129,55,248,231,255,255,255,219,108,0,115,1
8,237,1,64,18,242,7,192,150,148,79,139,197,49,254,79,0,0,0,16,17,27,3,8,34,198,196,32,152,255,0,0,128,102,252,253,205,8,194,123,51,18,26,127,136,52,0,74,224,11,126,0,133,63,255,255,255,253,190,119,10
0,127,3,0,118,234,39,50,89,239,240,141,199,225,255,63,0,128,128,48,16,95,15,0,32,68,196,34,126,255,112,202,152,50,86,214,247,47,227,172,17,255,239,99,252,222,129,127,96,11,32,0,130,126,251,255,247,251,127,34,3
64,232,3,0,18,162,167,82,73,90,164,128,66,253,255,55,0,0,0,16,16,23,5,8,32,64,84,35,126,253,24,209,72,52,250,70,8,68,35,141,26,1,253,34,116,10,128,23,224,21,188,255,15,222,123,247,242,122,95,186,37
1,252,255,7,0,64,94,52,186,214,141,63,30,67,136,252,255,126,31,8,0,0,240,161,1,2,0,0,0,246,207,255,31,0,240,168,143,10,84,80,161,162,86,213,46,231,255,249,56,28,135,113,136,67,15,63,31,14,67,200,62
55,29,222,235,123,250,53,20,219,254,141,141,197,160,255,207,191,159,140,246,249,159,207,200,243,103,67,34,255,223,60,0,1,66,250,254,132,116,255,157,33,32,255,229,12,158,23,255,239,7,0,3,6,16,64,246,227,243,255,127,3
65,205,15,4,0,85,202,54,210,220,201,3,0,144,39,129,31,224,7,24,0,1,0,128,1,2,0,0,190,7,200,223,21,80,205,170,172,122,213,85,171,170,222,213,170,39,0,0,48,0,86,96,5,175,255,255,255,255,3,80,8
127,253,237,247,253,255,183,230,19,152,0,215,67,122,255,7,157,255,239,255,253,206,255,254,224,65,242,251,255,255,248,223,255,119,62,140,128,16,70,16,48,50,254,231,0,255,240,31,8,0,49,252,239,255,255,255,255,3,188,127,0
0,237,3,0,18,162,37,4,130,88,133,137,199,1,254,127,2,0,0,16,17,23,9,0,34,68,68,34,200,187,48,144,8,37,162,68,91,85,34,137,86,1,169,110,84,26,1,121,200,15,216,0,128,124,246,253,255,179,253,15,62
11,206,247,3,127,254,55,128,254,7,255,213,235,123,244,218,127,31,128,102,241,191,255,120,224,197,199,227,249,255,62,0,128,96,114,253,215,15,128,250,177,245,219,126,0,207,255,191,248,23,255,255,15,128,255,255,255,255,165,6,15
64,184,0,0,0,34,131,68,131,248,129,160,84,148,35,33,0,0,0,56,0,3,0,0,0,0,0,224,58,247,0,89,234,150,218,82,44,100,169,181,10,9,253,129,85,10,192,99,240,8,30,224,1,143,63,126,120,60,2,16,48
37,127,79,38,128,157,56,147,249,79,228,221,103,0,255,193,25,113,68,140,0,0,112,230,17,35,2,220,231,12,127,174,156,33,115,231,119,30,34,136,144,253,203,115,240,207,255,127,236,13,28,0,224,255,255,255,115,56,126,17,32
0,12,6,0,128,1,0,2,65,24,128,7,0,0,0,240,0,0,0,0,0,0,0,0,0,0,0,24,6,0,0,0,0,48,16,14,225,0,131,28,57,184,223,1,0,127,0,0,0,0,0,0,128,129,30,61,62,6,0,128,63
160,31,0,0,128,1,184,255,191,7,143,0,4,128,17,0,0,0,0,0,0,0,112,128,0,0,0,28,134,0,31,247,255,255,191,255,251,208,7,23,254,47,20,132,0,15,1,64,0,8,0,0,240,159,30,60,60,0,134,0,32
0,237,1,0,30,17,0,163,241,141,72,207,197,16,119,67,0,0,0,0,0,223,51,0,0,0,32,120,158,0,32,130,148,32,253,175,79,10,194,73,147,146,78,83,168,181,193,101,112,9,40,128,130,183,254,252,253,93,148,2,3
160,255,0,0,148,11,161,234,87,189,88,207,65,184,127,1,0,0,0,112,44,239,10,6,24,48,184,126,215,0,37,197,82,177,252,255,32,217,79,36,127,123,62,65,153,252,96,39,216,1,8,244,227,255,255,237,252,119,132,3,32
240,253,0,252,253,191,244,63,211,222,200,199,64,252,63,33,14,195,247,255,254,207,11,0,0,32,240,254,223,9,176,255,253,255,7,128,230,56,199,28,57,190,223,67,136,247,208,7,128,0,20,233,79,191,255,251,83,252,27,49,0
72,253,129,248,127,243,129,118,27,252,200,131,64,144,255,3,2,130,207,249,253,223,15,0,32,64,64,112,254,23,0,193,81,119,239,254,0,112,255,28,57,186,255,129,136,191,0,102,224,3,0,192,195,62,255,254,243,249,62,51,1
225,253,73,229,1,255,202,111,22,188,91,143,195,112,254,15,29,229,207,255,248,0,112,188,80,160,160,240,255,47,195,191,247,239,29,156,0,8,206,123,115,114,122,95,153,244,225,127,248,5,0,64,131,127,255,255,255,111,26,50,33
229,225,239,87,129,143,119,19,104,78,244,133,2,240,239,167,159,255,231,239,192,0,112,226,129,3,2,254,127,220,254,207,186,51,2,0,103,45,163,140,8,221,239,1,244,218,161,59,0,0,0,192,157,127,254,253,255,187,255,221,56
24,24,176,120,223,0,161,209,27,64,165,5,0,0,170,53,238,130,187,248,223,255,185,11,0,76,92,6,0,145,56,87,200,29,250,223,0,0,32,129,62,3,133,32,68,222,30,178,135,96,0,159,123,0,0,0,0,32,255,187,48
180,246,7,1,252,255,30,154,109,107,180,200,253,177,119,203,0,28,0,2,64,207,63,118,192,129,243,251,255,238,95,203,14,160,122,127,97,5,170,238,216,253,237,42,113,8,209,239,252,139,127,224,199,191,255,255,249,253,182,0,11
1,172,132,0,16,50,1,64,211,156,72,147,207,115,254,207,12,34,0,0,0,6,241,24,32,64,64,32,254,51,64,134,16,32,248,189,207,8,66,8,19,18,90,127,128,117,0,6,0,128,115,57,207,185,255,255,207,225,184,255,0
101,237,15,6,193,255,126,22,224,127,165,212,227,123,255,143,1,120,4,14,128,0,120,244,209,3,3,243,253,207,191,140,45,103,3,0,255,255,127,136,176,177,217,62,68,75,224,31,248,7,255,240,223,127,255,255,255,239,123,253,26
101,237,15,135,65,255,126,22,194,123,133,244,227,255,255,199,1,120,0,14,192,0,232,253,247,227,131,247,253,239,191,4,41,103,35,64,238,247,127,128,178,49,253,183,68,11,224,63,248,7,255,240,207,127,255,255,255,255,3,16,24
0,253,1,0,16,51,1,64,223,252,128,131,207,113,254,79,0,0,0,16,16,9,1,136,97,66,64,96,126,51,32,0,192,119,254,206,201,8,196,157,51,50,254,199,8,63,0,72,216,75,123,48,231,253,255,237,237,195,184,127,11
64,253,1,64,16,255,195,127,146,220,137,255,235,123,244,31,0,0,0,8,16,0,241,124,243,230,67,241,252,127,200,207,255,115,47,12,194,48,118,0,48,248,255,119,0,223,253,126,188,7,227,112,255,255,239,223,223,3,112,254,55
65,253,157,7,0,254,247,116,18,252,207,155,223,115,236,255,63,126,13,6,0,0,240,112,131,135,3,128,121,255,255,255,31,0,232,220,0,116,238,177,1,97,187,255,221,222,225,94,56,15,247,112,206,255,255,255,223,3,81,254,55
97,253,1,4,128,191,244,247,59,0,224,255,195,123,255,7,0,64,0,136,0,0,112,202,1,3,0,252,127,152,244,255,253,127,223,76,65,4,162,157,17,49,157,103,64,223,255,63,248,1,61,248,251,255,255,255,254,66,30,51,33
225,249,0,64,184,255,195,111,211,156,72,251,255,255,170,39,0,0,0,0,0,4,99,252,251,193,192,248,255,63,192,219,215,86,221,190,141,104,196,255,33,32,126,197,10,53,248,54,254,197,191,254,251,255,127,207,4,0,24,187,33
55,253,237,103,129,255,229,83,73,74,164,253,235,127,240,90,249,91,254,206,223,0,241,255,191,97,99,183,237,157,248,191,27,1,104,69,86,244,110,0,20,117,139,110,68,154,251,255,254,7,255,240,207,255,255,255,255,7,0,100,15
65,169,76,0,0,49,0,64,211,220,201,147,253,50,118,203,51,1,0,8,0,0,192,4,55,110,0,0,132,1,0,0,64,102,205,172,204,234,214,91,1,178,90,87,168,53,0,236,205,131,113,24,215,60,227,246,197,225,254,119,3
64,168,8,236,0,112,131,100,146,176,15,131,237,113,255,7,0,96,128,8,16,0,0,8,227,230,65,224,188,119,0,16,225,101,129,8,200,66,22,89,250,2,124,151,2,33,159,238,191,255,247,71,23,24,0,192,209,233,122,247,1
74,160,145,72,18,114,3,68,151,248,3,2,90,87,168,117,47,198,136,121,113,17,131,8,98,196,196,33,56,119,0,16,193,196,153,58,136,64,4,125,250,32,252,156,3,0,192,128,188,148,183,121,75,67,111,223,27,14,3,240,52
64,233,137,204,0,114,195,46,130,252,9,171,214,213,174,55,23,230,141,185,48,0,81,24,97,198,64,96,56,247,128,91,247,214,5,8,172,96,149,117,33,40,252,133,11,101,255,214,182,253,247,97,11,195,111,217,218,110,67,248,52
65,185,12,4,0,116,202,46,210,188,73,191,223,115,238,55,0,64,0,8,0,0,224,176,227,2,0,0,120,255,195,29,117,71,229,168,142,122,85,80,161,162,94,213,10,181,91,246,150,29,176,1,11,216,237,195,194,238,89,251,53
103,237,237,199,176,255,199,63,128,252,9,215,235,127,246,139,15,255,207,15,16,0,33,188,240,225,224,243,255,63,192,223,31,0,160,138,170,120,127,0,250,34,252,133,8,245,246,31,121,34,255,255,223,127,150,254,255,3,164,4,15
65,237,141,4,0,251,37,108,150,181,15,223,110,81,186,229,17,100,0,8,0,0,80,93,117,235,130,116,221,63,97,20,19,197,228,216,174,253,111,49,99,34,182,237,13,252,243,255,248,29,159,241,9,3,255,255,255,62,1,16,48
199,233,155,207,49,254,199,63,192,251,128,220,235,123,254,31,0,234,239,7,113,16,167,248,227,197,197,227,254,255,136,168,239,235,71,0,214,183,254,250,0,244,251,254,0,10,238,255,255,119,255,247,191,124,80,161,255,243,253,175,39
33,189,12,0,0,255,48,44,150,189,27,222,199,49,255,199,0,0,0,0,0,0,112,92,1,2,0,240,253,15,53,154,155,230,214,220,205,13,170,185,113,115,187,111,209,216,65,106,144,10,82,32,245,125,181,107,75,245,137,95,24
96,141,15,6,0,253,252,52,154,222,173,129,116,156,47,225,23,123,0,12,128,0,0,96,177,119,99,179,239,221,62,80,29,84,135,234,168,78,245,221,187,43,252,129,14,7,0,224,225,57,60,192,3,30,120,244,247,251,255,0,32
97,253,1,0,0,187,117,179,121,206,224,141,70,81,251,37,0,0,0,0,0,0,64,200,49,99,2,248,255,153,124,170,154,170,86,221,221,173,130,187,17,116,11,126,208,152,225,114,184,12,151,112,201,255,255,255,127,6,0,144,48
165,246,237,3,160,223,30,10,101,107,114,236,227,253,255,231,223,127,70,7,0,0,96,246,217,1,163,255,247,206,255,255,31,0,96,118,102,247,127,0,216,252,255,1,240,193,223,255,247,23,254,225,15,8,253,251,251,255,9,177,32
229,121,79,167,1,221,252,63,192,222,165,253,255,241,255,143,17,121,78,142,0,0,224,244,251,35,3,144,255,206,255,223,29,114,65,46,236,102,247,221,129,184,253,19,34,135,159,255,255,255,252,7,31,16,0,192,243,255,255,255,1
0,204,15,4,0,240,55,116,154,214,141,1,135,97,252,255,1,64,0,8,0,0,16,0,0,4,4,0,252,255,62,0,101,69,169,40,138,114,118,80,178,162,220,247,42,39,32,105,104,2,73,144,132,39,158,254,255,19,166,4,10
64,237,3,0,0,240,37,84,138,210,141,241,249,126,117,200,33,34,136,0,17,16,129,8,182,127,111,3,204,29,56,20,73,69,170,72,138,212,110,145,246,35,144,254,4,26,226,135,248,17,63,241,131,31,254,255,255,95,6,0,1
96,237,11,4,0,253,188,118,219,254,137,15,129,32,245,26,1,96,0,8,0,0,80,0,1,130,0,208,255,239,39,155,253,102,223,236,204,110,246,217,51,49,253,127,0,223,161,33,104,0,13,208,208,55,222,254,191,25,182,0,3
218,237,131,193,123,254,199,126,150,252,15,23,3,127,252,63,0,174,202,87,241,151,143,248,242,197,239,227,252,255,192,175,95,98,72,252,196,160,254,250,33,252,251,255,0,117,240,16,32,128,199,251,207,127,255,255,31,14,3,240,63
33,237,91,238,65,248,180,196,31,80,141,221,239,123,246,79,49,88,12,252,249,0,248,124,131,231,3,2,255,223,62,146,232,111,191,76,201,4,0,153,182,3,153,126,68,95,191,223,239,255,253,223,63,48,64,128,196,193,254,255,3
72,253,129,204,113,254,199,127,16,252,72,199,131,122,255,26,0,226,203,127,113,0,1,56,224,192,229,227,252,255,192,175,255,227,5,4,192,56,222,56,49,246,251,127,0,244,120,31,24,199,251,255,239,255,255,141,239,3,160,239,15
224,125,11,4,0,255,248,126,223,255,1,67,165,168,221,218,1,96,0,8,0,0,0,4,209,162,35,248,255,14,199,209,115,244,140,158,232,73,207,125,123,82,126,79,153,116,192,1,112,0,14,224,0,135,255,63,58,28,1,0,63
222,249,233,255,253,127,195,111,19,188,73,187,255,247,142,55,150,214,245,255,255,75,91,90,105,251,195,252,123,243,224,223,119,247,5,128,172,120,223,117,43,42,126,193,139,52,60,216,255,255,255,254,255,255,0,0,4,0,120,255,63
95,249,249,255,95,187,181,244,27,216,141,221,139,122,244,26,125,95,255,255,255,144,253,255,178,101,111,35,237,159,188,159,251,255,7,0,128,84,102,153,50,35,185,255,68,222,255,159,6,251,255,253,47,144,255,129,128,193,252,255,7
94,29,246,251,127,250,229,255,159,240,15,223,131,32,244,95,126,159,222,255,255,255,143,216,247,207,199,35,249,255,112,255,95,0,248,255,0,240,254,16,32,116,187,255,4,222,255,191,5,3,64,155,15,32,129,230,3,209,253,239,15
127,185,248,255,233,255,252,18,64,218,164,197,227,122,255,11,189,255,255,255,253,128,252,126,178,119,103,179,255,205,190,147,228,255,7,0,73,2,2,201,186,19,252,119,96,71,28,31,199,255,255,255,127,254,97,128,192,248,255,127,1
119,169,232,255,249,255,190,66,65,248,160,253,1,18,98,3,159,223,239,255,253,207,127,254,249,227,227,251,255,207,63,0,224,247,111,6,0,112,127,12,24,24,252,1,224,207,251,31,0,16,2,249,15,129,255,255,31,12,0,32,33
64,13,2,12,2,240,222,36,146,148,143,7,0,0,240,26,0,224,15,184,1,3,0,0,0,6,4,0,208,175,165,51,245,79,5,168,137,74,212,83,167,162,82,255,15,245,128,8,0,0,4,192,4,38,154,62,61,153,38,64,10
97,77,75,36,0,145,240,55,152,214,237,13,0,0,16,32,19,225,68,152,8,8,64,4,19,39,2,16,197,12,255,187,123,238,70,212,68,237,238,187,81,117,187,111,213,218,195,96,48,0,4,96,0,3,191,127,27,28,2,0,56
7,189,140,0,0,187,229,38,211,252,200,223,235,122,244,138,9,99,194,8,16,0,240,255,243,65,100,50,254,31,248,149,89,101,174,204,202,252,126,8,118,19,186,127,128,190,41,103,202,73,57,148,227,156,255,229,228,64,222,43,33
0,248,129,64,16,118,67,38,211,189,9,147,203,115,254,127,0,2,128,0,16,5,3,136,96,192,196,96,252,255,224,72,5,82,64,42,165,43,221,116,33,232,126,133,11,33,112,62,156,135,243,189,207,249,255,239,11,133,129,255,31
71,237,223,111,91,242,229,62,192,253,72,243,251,127,245,200,59,247,202,13,25,16,160,220,115,229,230,2,254,11,224,191,31,32,96,156,198,249,254,56,17,244,59,127,144,180,255,255,255,183,239,251,15,0,72,254,147,204,19,224,7
96,173,9,108,1,251,240,126,215,253,1,139,253,49,255,7,17,224,196,156,152,8,64,0,49,231,3,176,253,15,188,185,251,238,70,69,220,237,238,187,17,53,139,126,64,30,77,194,255,255,255,38,113,205,36,0,104,54,129,25,56
199,253,221,231,1,255,255,62,192,253,16,186,255,115,238,223,123,127,6,7,0,0,224,240,255,131,3,192,249,255,119,12,3,194,232,152,142,249,255,48,96,96,250,255,15,248,255,255,255,31,243,48,141,249,255,205,207,167,129,255,24
64,237,7,0,64,250,119,38,211,189,73,195,224,248,255,193,3,240,0,20,0,1,0,128,224,193,239,227,253,255,245,139,27,98,74,204,196,44,230,184,49,241,251,127,0,30,64,3,240,17,126,225,15,191,254,253,255,255,141,3,0
48,125,2,32,106,217,120,62,223,255,176,204,231,0,255,11,0,0,0,144,8,223,14,4,17,35,34,16,255,14,63,152,189,102,215,236,255,111,246,217,145,177,219,127,96,199,145,127,164,139,116,0,64,254,253,251,195,253,127,247,3
0,236,147,72,18,114,1,64,134,48,11,130,203,115,254,223,55,6,0,184,17,19,129,8,34,198,68,32,188,127,0,128,224,238,216,29,201,0,134,59,118,48,56,126,0,48,0,28,136,7,241,25,207,120,231,207,199,227,121,255,31
97,253,7,0,64,255,60,14,223,255,18,206,231,177,255,203,0,0,0,0,0,136,88,116,209,163,35,254,255,143,55,136,155,230,214,220,205,45,238,251,17,112,251,127,80,216,241,127,252,143,255,240,199,127,255,255,255,205,34,96,11
33,254,77,7,128,255,60,0,215,253,11,142,199,113,255,223,31,125,0,8,0,0,112,212,65,3,2,240,253,175,55,0,128,241,183,254,239,15,13,52,250,251,255,133,5,216,255,255,92,159,235,177,14,160,255,239,175,199,160,239,15
0,254,0,64,48,246,67,6,193,253,0,130,195,115,238,31,0,160,128,17,16,1,3,136,226,193,196,99,254,255,192,72,39,66,64,8,165,35,157,116,32,252,255,133,15,0,96,30,152,7,243,48,207,249,255,207,207,199,33,255,31
97,253,205,7,0,255,127,38,211,188,73,159,199,113,238,255,31,126,6,8,0,0,112,240,65,3,0,248,255,255,247,127,31,64,96,169,158,250,93,16,33,166,82,221,15,245,255,255,30,31,227,49,142,224,247,143,143,3,240,255,31
0,253,0,0,176,255,199,102,211,252,1,135,195,115,254,15,0,2,128,1,48,1,3,152,224,192,192,225,249,255,64,213,17,117,172,142,234,120,127,4,250,26,254,1,136,52,112,46,156,131,115,253,199,191,255,254,13,133,32,119,10
67,249,141,135,0,254,207,63,128,248,3,146,207,115,236,191,17,236,191,15,0,0,240,248,227,135,3,192,121,255,207,191,29,0,96,172,206,122,214,88,129,176,90,255,42,231,241,126,184,7,247,112,207,255,255,255,223,7,1,248,52
64,253,129,193,176,255,135,230,31,184,73,255,255,119,224,79,0,6,128,233,112,0,115,60,96,194,193,249,255,127,0,153,81,230,252,189,0,248,222,123,49,50,122,95,136,116,224,31,248,11,255,240,255,255,255,253,255,3,0,0,1
65,232,11,228,0,247,203,63,192,90,133,157,207,115,238,191,17,224,142,139,0,0,224,168,227,66,0,160,252,255,136,219,236,118,83,2,101,6,128,221,8,152,253,1,98,3,100,248,191,175,211,50,221,105,0,79,79,135,97,255,62
224,233,1,132,0,255,203,108,150,181,91,139,229,177,255,7,0,192,0,184,32,1,0,0,1,226,1,248,255,127,131,51,243,255,133,152,153,201,204,127,247,98,50,223,153,52,137,71,226,249,254,196,51,191,252,240,248,253,63,51,0
33,252,201,100,144,255,33,198,235,24,128,252,255,83,250,39,0,2,128,168,24,0,113,12,49,98,64,240,255,31,128,202,232,247,82,70,109,4,128,189,24,25,253,33,68,90,249,82,190,236,255,124,249,255,255,13,94,2,64,248,60
10,232,139,207,65,238,55,192,31,0,95,254,203,119,224,127,97,86,8,253,247,0,240,123,102,207,206,2,89,255,53,0,224,239,239,20,70,241,74,32,80,80,40,126,241,56,226,223,248,63,255,241,143,103,254,253,255,159,7,0,62
1,242,140,69,128,239,7,192,31,0,27,178,223,119,236,255,21,94,0,9,32,0,80,121,64,202,131,228,121,255,33,16,192,157,188,179,59,65,0,39,254,3,36,136,255,240,255,159,30,223,247,61,238,241,255,13,14,3,0,255,63
37,242,173,131,224,239,31,10,69,105,114,244,155,127,200,255,13,60,0,2,0,4,118,255,192,128,217,255,123,254,207,245,31,5,168,186,170,219,127,0,254,3,116,145,187,229,255,191,60,151,71,255,14,129,223,159,11,4,0,224,31
3,134,132,1,176,102,3,140,246,181,11,254,203,115,234,231,28,38,2,1,0,46,243,251,65,0,128,100,24,251,225,44,23,73,100,185,150,187,94,0,228,246,2,222,11,52,16,130,148,144,50,255,79,9,101,202,64,252,9,187,32
64,253,1,96,26,243,128,114,91,222,232,139,199,113,238,31,0,0,132,248,93,223,229,136,35,70,64,32,238,17,24,137,240,255,255,140,68,120,198,8,17,18,250,127,136,124,240,30,188,135,247,248,207,255,255,255,7,0,16,242,7
199,205,79,6,0,251,240,62,150,253,15,255,239,43,244,218,49,97,76,8,0,0,192,222,123,247,2,16,254,11,245,255,31,0,232,156,206,249,127,0,65,82,58,79,153,188,183,253,109,47,237,210,158,118,202,246,183,203,126,102,7
96,253,1,100,8,255,160,230,91,220,200,143,199,113,238,15,0,128,135,252,156,79,9,128,1,0,0,56,127,153,56,155,245,127,221,172,0,104,214,93,177,178,94,87,168,55,120,14,158,199,255,252,239,255,255,207,1,0,0,255,11
65,253,141,4,128,187,225,116,146,212,143,255,139,34,244,222,25,66,0,8,0,0,112,140,49,66,0,48,205,31,240,221,27,81,238,202,174,252,127,0,40,43,191,229,140,254,243,239,252,19,111,241,134,179,255,255,253,69,0,98,3
207,249,200,231,121,255,245,46,210,253,73,251,255,129,68,223,58,191,204,133,176,189,79,216,247,231,194,114,253,191,245,221,31,82,192,254,236,127,255,253,1,168,254,133,11,181,127,255,255,111,251,18,180,125,0,12,237,3,160,79,15
8,204,3,64,114,226,167,88,15,248,54,64,171,127,221,26,2,134,137,49,177,19,11,0,98,198,199,99,120,255,96,149,74,36,186,244,72,80,42,137,254,19,232,123,240,74,242,153,124,246,255,255,79,103,223,191,43,159,229,204,31
95,253,253,231,121,255,225,31,128,120,129,156,143,1,240,159,253,127,255,135,249,190,255,255,247,231,231,114,252,31,224,189,43,39,2,68,206,245,62,136,18,17,185,126,80,10,225,224,255,15,239,96,208,127,254,255,255,15,0,96,15
96,29,2,46,65,217,188,212,31,216,141,77,2,0,249,60,24,208,70,252,239,12,104,192,147,3,0,144,229,142,191,151,233,111,31,76,129,4,36,152,50,49,153,255,68,223,195,51,0,0,0,0,0,137,189,123,122,254,137,25,56
65,13,154,76,18,48,193,53,178,214,143,7,0,0,240,3,63,226,143,250,81,27,129,0,34,70,68,0,168,85,200,191,27,96,4,140,223,109,230,187,49,51,187,255,136,254,129,0,0,0,4,64,0,2,107,254,215,40,62,48,0
218,247,3,203,127,252,191,249,31,161,126,114,251,127,221,26,0,156,8,87,241,63,15,240,231,197,207,195,121,255,7,43,243,234,95,253,144,161,140,250,101,244,35,254,31,56,120,157,255,247,255,255,255,247,215,3,0,148,128,14,15
32,79,7,0,72,153,56,38,243,189,73,11,6,193,255,117,0,0,0,0,0,143,72,0,1,34,2,80,245,15,119,202,29,114,87,238,239,47,247,220,185,187,255,247,136,255,208,48,52,132,134,233,72,67,189,123,11,188,1,136,62
97,237,15,4,0,209,56,52,219,222,173,173,70,209,171,245,17,96,0,0,0,0,64,128,1,2,0,0,239,141,62,90,181,86,213,170,173,10,196,93,171,170,222,213,138,247,193,114,176,12,150,96,9,75,191,255,91,62,3,144,60
1,173,29,4,0,176,33,20,154,222,173,141,70,209,170,231,63,98,4,8,0,0,240,128,3,6,0,0,110,221,24,0,136,70,210,72,141,4,164,145,32,33,221,183,70,207,255,255,160,24,20,65,1,0,127,255,214,104,26,176,32
72,233,159,12,0,240,7,96,16,188,88,131,255,127,255,223,167,231,136,8,0,0,0,0,114,246,246,2,222,19,224,147,16,32,136,132,72,72,194,187,19,19,136,127,208,62,0,159,192,23,248,129,15,252,246,237,255,243,253,239,15
65,141,153,76,0,32,33,4,130,16,143,1,192,112,238,143,63,226,143,188,17,0,208,8,33,70,64,32,72,187,176,0,232,239,6,64,201,68,166,185,50,49,185,110,68,90,130,6,0,25,52,65,3,18,106,254,215,106,126,242,33
225,242,12,4,128,85,10,90,77,107,50,160,213,180,102,199,1,96,0,8,0,0,64,0,129,2,1,200,50,102,11,184,38,174,193,53,92,227,154,111,208,212,104,26,243,0,192,14,176,139,118,96,71,187,239,223,219,237,1,240,0
24,238,19,8,118,224,7,192,158,16,143,195,227,253,255,71,6,3,0,48,251,183,15,0,0,236,255,55,140,15,0,0,192,84,255,255,1,0,128,255,255,35,212,133,15,119,22,158,132,183,240,79,79,120,225,195,195,251,127,255,7
24,92,130,195,127,254,7,192,159,240,143,195,245,253,255,75,6,30,0,49,240,3,15,56,224,255,247,227,127,255,1,0,192,212,255,255,9,64,0,253,251,3,252,129,15,32,144,160,255,247,255,255,127,158,9,18,0,252,127,48,0
72,237,3,236,3,240,188,204,31,248,15,232,253,161,127,11,2,128,8,248,251,155,0,0,2,174,7,0,132,15,55,145,225,239,159,253,64,192,174,251,247,19,24,126,0,152,192,63,240,7,62,225,15,255,255,255,255,255,7,0,0
116,205,3,34,91,251,244,247,219,222,173,241,255,127,255,192,1,112,0,4,128,0,136,124,242,229,231,51,255,143,252,136,25,98,70,204,197,44,230,152,49,49,187,127,64,30,144,3,228,244,188,255,75,206,121,243,2,124,95,17,48
64,141,139,78,81,250,245,124,146,244,143,247,251,127,153,48,0,112,0,12,128,0,152,76,50,239,103,35,253,159,252,149,121,68,6,72,136,92,103,153,59,35,189,231,76,30,255,247,255,255,191,223,25,2,0,118,118,10,79,128,52
72,237,3,4,0,186,245,52,154,214,143,219,255,99,252,63,0,96,0,8,0,0,128,77,118,239,238,50,204,31,240,25,121,70,206,200,132,252,239,145,33,35,147,229,76,222,37,31,201,47,249,146,191,124,242,229,231,195,255,255,7
72,237,147,74,83,162,229,100,146,252,143,215,42,127,241,48,36,194,139,125,177,18,153,72,34,68,238,34,216,191,240,183,123,109,142,136,136,216,110,145,255,35,146,255,12,62,254,159,255,247,255,255,79,165,183,42,41,149,160,79,10
64,253,1,4,0,50,225,100,146,156,73,139,70,209,171,53,0,192,0,152,0,1,0,0,1,2,0,32,200,155,240,89,113,86,204,138,140,104,197,21,33,34,254,197,137,60,65,126,144,15,242,32,143,251,255,255,255,231,1,255,30
71,240,253,255,177,255,207,63,96,75,240,188,3,103,136,191,253,255,255,175,240,0,244,127,225,199,195,227,255,255,207,223,62,2,0,0,101,32,128,237,1,152,236,3,240,195,255,255,255,255,247,118,191,123,2,4,220,3,66,248,55
3,172,236,0,128,55,1,129,166,5,11,254,27,22,0,199,57,98,0,0,0,0,240,255,35,2,0,32,24,51,32,38,137,203,114,89,159,21,36,0,100,101,145,238,5,218,247,230,188,17,55,121,3,2,111,254,223,44,2,48,0
11,141,159,73,50,96,195,41,48,165,91,3,32,62,117,200,127,230,155,17,49,17,131,8,102,204,204,0,152,127,192,175,23,0,68,136,132,168,220,114,33,254,50,223,139,52,128,224,253,51,14,251,23,3,8,254,255,124,2,0,0
0,237,3,0,0,112,11,52,218,222,141,193,227,253,255,39,0,32,0,0,0,3,0,0,0,102,69,161,190,87,10,80,149,84,149,170,235,75,85,85,255,3,252,197,10,117,128,30,160,23,244,65,15,122,232,247,243,251,127,243,33
71,253,205,231,17,255,231,63,160,20,143,215,203,123,244,143,121,255,255,15,48,0,243,253,247,239,195,247,253,255,192,253,31,0,32,8,222,240,127,0,54,32,16,254,0,1,224,0,56,2,255,240,255,127,255,255,255,3,0,64,11
0,232,7,0,0,224,7,0,36,35,126,128,235,123,255,223,1,96,0,8,0,0,0,0,98,196,197,1,184,255,1,136,136,34,90,85,85,37,162,234,16,245,169,62,112,10,192,29,248,7,255,241,143,127,254,255,255,223,119,68,31
0,8,3,0,0,0,128,100,154,240,143,3,130,97,236,63,0,0,0,0,0,0,0,0,0,6,4,0,0,16,0,17,89,68,158,200,136,64,100,209,247,3,208,255,15,255,0,56,0,6,192,0,12,96,192,247,183,203,127,238,63
161,18,8,4,128,1,248,245,178,4,143,143,199,113,254,135,1,96,0,8,0,0,112,0,1,2,0,28,134,0,191,103,240,157,55,3,51,8,1,6,206,207,7,0,255,63,1,126,128,15,240,0,255,122,224,199,195,227,127,255,0
192,201,3,0,0,0,160,124,158,240,15,130,195,241,255,207,1,64,0,8,0,0,0,0,0,0,0,0,128,0,224,176,31,68,128,8,216,207,126,255,255,3,248,255,15,56,0,94,128,15,240,0,15,122,252,251,251,255,127,255,31
