0,1,2,3,4,5,6,7,8,9,10,11,12,13,14,15,16,17,18,19,20,21,22,23,24,25,26,27,28,29,30,31,32,33,34,35,36,37,38,39,40,41,42,43,44,45,46,47,48,49,50,51,52,53,54,55,56,57,58,59,60
160,239,1,0,248,255,65,155,237,15,112,132,0,144,255,3,2,128,1,48,16,143,11,0,0,64,96,254,255,31,48,170,170,170,83,117,223,175,162,251,21,244,11,126,240,202,192,0,0,0,6,112,194,127,255,255,159,12,0,112,3
160,23,0,0,128,1,56,187,255,7,244,0,0,240,255,7,0,0,0,0,0,7,16,0,0,0,0,28,132,0,127,226,158,184,255,255,247,143,121,238,253,255,7,0,255,139,0,32,0,0,0,0,112,248,225,195,195,227,255,255,33
65,253,1,0,128,255,1,4,134,241,15,158,71,0,242,7,0,0,0,0,0,8,112,124,113,226,2,240,253,63,32,140,1,99,232,94,206,117,255,24,16,48,252,47,0,218,225,103,184,9,7,112,240,127,255,255,255,1,2,48,0
96,253,1,0,144,255,33,132,246,23,11,142,3,0,254,7,0,0,0,0,0,142,123,124,32,66,64,252,253,31,48,200,11,242,122,254,230,53,239,188,16,248,255,7,0,218,225,102,184,1,7,112,240,127,255,255,255,3,2,48,1
64,237,3,0,0,246,7,6,195,254,128,141,199,33,238,31,0,0,0,0,0,1,1,0,226,196,245,35,254,255,0,144,1,100,129,44,200,66,126,251,247,19,248,127,0,199,193,127,240,15,254,224,140,127,254,253,255,255,135,0,63
229,253,205,231,241,255,63,130,231,9,16,248,255,127,68,207,17,127,196,143,248,136,79,252,241,227,195,255,255,255,31,168,32,174,67,5,92,231,186,251,21,20,8,126,112,200,241,95,252,143,255,240,231,255,255,255,255,7,0,96,11
229,253,205,231,113,255,15,130,97,8,128,252,255,127,64,223,17,127,196,143,248,0,79,124,241,227,227,255,255,255,31,168,96,46,67,5,92,246,254,251,20,148,8,126,112,195,243,95,252,143,255,240,206,255,255,255,191,15,0,64,31
161,230,15,4,128,0,120,153,108,99,246,132,195,113,254,255,1,96,0,8,0,0,48,128,0,0,0,236,123,255,191,168,174,171,3,112,119,183,186,234,192,253,227,58,119,11,0,94,128,15,240,0,191,255,254,253,255,243,253,255,63
64,237,7,0,0,0,48,0,223,255,128,131,195,241,255,255,1,0,0,0,0,0,0,0,0,0,0,0,0,0,60,152,33,230,199,12,204,127,255,253,1,48,252,255,0,63,0,126,128,15,240,0,15,127,254,253,255,255,255,255,7
0,0,14,4,0,0,128,82,93,232,240,141,195,113,238,247,1,64,0,8,0,0,32,128,0,0,0,0,2,0,192,71,222,17,57,34,34,16,1,4,200,203,239,1,255,231,3,30,128,15,240,0,15,248,224,193,195,255,253,255,63
161,23,12,4,128,17,184,197,162,0,15,135,195,113,238,199,1,96,0,8,0,0,112,0,1,2,0,28,132,0,63,102,225,93,176,11,187,128,5,22,46,44,20,132,15,254,1,30,128,15,240,0,127,248,225,195,195,227,121,255,0
129,2,44,16,132,0,64,0,224,135,239,3,26,199,136,252,205,32,32,0,0,100,48,131,12,16,24,12,2,0,160,68,176,29,5,2,191,223,81,4,239,15,6,129,175,53,12,0,3,248,249,14,120,192,0,0,0,0,253,239,63
188,50,32,241,255,15,15,233,182,5,95,238,231,176,127,3,192,4,115,247,254,239,63,119,76,152,185,255,19,98,7,96,226,223,189,187,187,155,89,102,238,238,2,136,191,224,29,127,199,107,112,6,115,252,64,128,192,241,255,127,1
55,6,252,179,255,15,24,128,238,7,31,0,116,156,51,192,255,63,119,103,206,238,255,255,156,56,185,255,135,0,31,0,128,88,176,251,187,143,5,22,238,239,0,132,15,1,0,224,199,250,88,143,49,128,0,0,96,176,253,31,24
26,178,160,216,254,38,199,183,168,6,237,253,127,95,186,37,192,2,187,99,119,247,191,123,44,216,252,239,8,241,192,127,159,17,48,139,179,24,1,4,238,47,6,128,15,255,191,255,207,103,185,159,255,124,32,64,228,99,254,191,32
97,224,13,4,0,16,32,0,224,15,112,178,255,127,238,223,19,96,0,8,0,0,64,0,1,2,0,24,6,0,161,0,160,255,7,0,255,175,128,170,5,220,3,122,240,56,1,192,251,255,255,0,32,249,246,193,255,231,249,255,31
0,118,7,0,6,0,33,192,255,215,143,251,255,193,255,254,0,0,0,0,0,119,0,128,0,0,28,4,0,16,48,0,0,0,248,255,187,223,125,0,254,235,247,129,15,159,255,255,255,7,0,128,206,252,255,255,167,211,253,15,55
0,254,7,0,6,0,1,128,255,239,252,7,0,64,255,244,14,0,0,96,0,119,49,0,0,0,92,0,10,112,0,0,0,1,248,255,242,159,127,0,254,255,203,119,224,167,0,32,0,0,0,248,205,255,255,255,59,190,129,8,62
224,115,0,20,128,1,216,63,224,123,48,252,3,0,254,7,0,96,38,200,0,4,96,130,13,0,0,220,3,0,255,255,127,255,39,2,182,255,127,4,8,236,183,128,31,200,255,127,217,7,0,0,176,127,0,236,255,19,252,15,0
65,169,28,4,0,48,193,100,146,148,75,3,0,18,160,229,51,226,140,136,1,0,192,128,35,70,0,0,152,63,224,27,81,66,204,136,128,104,196,51,33,34,18,221,139,52,192,144,48,148,135,121,9,67,111,223,30,14,67,176,52
1,141,12,4,0,50,129,100,146,180,75,147,201,50,246,203,63,98,6,8,0,0,240,136,1,2,0,32,156,63,32,1,81,64,188,136,128,88,68,16,35,34,50,223,139,52,46,134,143,241,51,63,7,0,0,4,196,0,152,255,0
64,237,147,72,18,240,131,100,146,252,11,19,143,99,252,31,34,130,136,24,17,17,129,8,35,198,68,0,248,255,128,152,115,230,196,140,204,105,206,57,33,50,58,255,8,52,2,156,0,31,224,1,14,112,231,255,143,199,113,255,15
161,134,47,0,128,13,120,137,160,7,127,128,64,120,255,231,223,116,19,0,0,4,48,129,0,0,8,252,1,224,247,102,2,8,48,17,51,151,8,2,236,239,3,136,127,136,4,178,225,39,16,251,31,88,0,254,243,251,255,255,48
0,237,131,64,16,242,103,34,209,254,200,131,195,113,255,31,0,130,136,16,17,17,1,8,35,70,68,32,252,255,64,136,17,98,68,140,199,45,198,152,49,240,255,127,0,62,32,159,200,23,249,145,143,124,255,255,255,211,253,239,15
32,86,38,0,142,0,56,208,187,70,237,125,2,74,145,248,4,0,0,32,0,255,184,3,0,0,60,14,2,128,126,4,4,1,249,239,187,158,49,64,190,175,67,176,238,199,63,57,70,0,0,140,96,228,147,1,32,144,231,12,63
65,8,31,4,0,0,48,192,24,192,237,3,0,225,238,255,31,96,1,0,0,0,80,0,0,2,0,0,2,0,52,2,192,2,88,4,5,0,128,255,1,16,253,127,192,95,3,64,0,24,224,0,0,0,224,253,255,251,127,255,63
1,12,31,4,0,0,96,0,192,222,232,3,128,123,254,255,47,224,0,8,0,0,0,128,2,4,4,0,0,144,112,2,128,0,16,8,221,14,128,219,181,183,211,255,14,31,0,160,0,16,0,129,15,0,252,249,251,255,255,255,63
37,14,108,2,128,137,116,37,240,150,201,143,0,0,255,199,223,113,103,68,0,142,120,199,17,1,0,254,199,136,254,68,25,1,36,202,163,28,101,0,252,255,151,193,140,191,7,231,193,9,0,0,16,28,48,228,231,243,254,15,0
63,207,255,251,255,206,63,168,182,183,95,195,227,121,255,223,255,191,251,103,239,255,191,255,212,161,255,223,245,174,55,0,17,201,53,251,187,159,93,18,239,239,19,221,143,180,4,175,197,39,104,139,31,124,208,230,227,243,255,111,11
33,8,12,4,128,1,56,64,13,232,240,0,4,0,254,223,31,64,2,232,0,0,112,128,1,0,0,28,132,0,223,4,0,0,32,0,102,244,127,0,16,220,239,35,240,11,0,64,0,8,0,0,0,248,236,217,255,239,123,255,33
192,179,4,0,134,0,193,191,224,3,54,248,253,62,80,136,0,32,0,0,0,98,176,3,4,24,252,13,0,48,193,255,31,8,224,123,255,247,63,2,238,101,1,172,87,8,127,207,255,251,127,159,247,52,0,0,4,0,188,71,11
1,140,189,4,0,0,1,128,96,4,224,3,0,98,224,255,255,66,3,104,0,0,240,129,0,0,4,0,0,49,224,46,16,8,48,129,87,140,0,2,4,246,3,126,200,62,34,128,8,16,1,179,12,0,6,45,255,3,192,205,62
64,224,11,204,0,228,143,84,11,248,165,128,211,247,238,63,3,192,137,56,81,0,0,0,34,198,199,1,120,255,136,18,228,5,131,32,9,70,16,193,254,1,220,176,102,3,195,222,176,127,255,97,15,251,254,217,255,239,115,248,55
97,0,124,52,128,17,56,0,69,233,112,0,0,128,47,199,223,225,39,232,4,8,112,130,1,2,0,28,6,0,255,223,30,0,0,0,111,125,171,44,0,88,237,1,240,88,8,0,0,64,0,4,96,128,1,0,0,228,185,255,8
37,6,127,3,236,157,60,209,175,66,167,4,0,0,255,203,223,61,71,230,64,206,124,102,0,0,0,221,231,76,95,119,143,0,185,127,137,6,0,215,254,163,208,180,39,195,18,9,0,0,72,201,7,36,249,242,33,249,190,71,10
216,23,2,56,254,0,128,219,95,105,50,68,32,136,55,0,0,128,115,240,191,255,15,0,12,24,252,30,2,0,176,251,255,255,159,255,48,133,169,255,255,111,1,128,87,200,31,1,2,224,0,142,112,132,1,0,0,240,253,15,24
180,86,103,179,237,141,62,208,125,67,244,76,2,72,255,112,140,25,99,102,204,238,126,119,128,48,179,223,247,68,31,198,236,251,63,247,115,7,0,0,252,255,207,16,246,195,251,27,0,0,8,132,236,239,255,33,49,155,231,12,30
33,24,124,60,136,17,248,126,1,248,128,7,0,0,119,128,191,225,127,248,13,136,112,132,17,34,0,24,134,0,119,208,0,20,184,246,106,82,19,77,250,3,252,1,240,231,2,160,0,0,0,9,0,128,1,2,0,252,185,127,0
0,29,22,8,2,32,65,44,224,191,91,31,14,0,192,190,34,160,8,0,1,17,128,128,6,4,12,0,128,187,225,190,31,0,48,217,223,15,72,32,117,119,51,255,157,184,231,249,121,14,0,0,0,0,132,191,191,135,1,204,63
64,201,15,0,0,224,223,52,146,252,143,139,223,113,238,127,0,0,0,0,0,0,0,0,227,199,135,131,120,255,95,24,21,68,205,232,140,122,245,213,163,130,220,245,46,231,135,255,225,23,252,193,15,126,248,253,255,255,127,255,63
1,190,4,0,128,17,64,34,240,173,88,155,92,1,162,229,24,32,0,0,0,12,96,128,1,0,0,20,128,0,96,72,17,2,100,138,255,187,205,20,1,238,54,197,139,52,113,230,159,253,179,8,209,25,103,206,0,32,152,191,32
136,22,48,24,30,0,193,219,44,1,118,4,0,0,255,55,6,128,255,240,63,255,19,0,0,0,12,4,128,17,192,247,126,169,42,85,82,149,123,2,222,223,3,106,241,216,0,0,0,0,0,4,112,144,0,0,128,240,253,255,3
138,130,5,129,54,100,79,8,228,55,19,4,0,70,136,180,0,164,27,3,32,55,7,176,198,140,221,197,48,247,67,4,2,128,32,57,255,251,95,32,254,230,112,156,59,224,64,0,0,0,2,224,9,223,255,255,251,126,1,144,48
129,162,45,1,128,5,10,137,228,7,114,2,128,98,228,223,221,108,3,0,0,0,240,183,0,0,136,204,0,102,195,110,54,0,1,32,247,27,24,64,196,252,98,24,187,97,104,8,26,122,255,52,180,249,166,13,253,135,128,255,30
0,95,22,0,30,32,97,50,217,255,236,29,7,0,240,126,40,0,10,208,1,255,161,128,3,4,4,0,136,17,96,205,27,1,104,222,230,61,127,0,80,255,255,111,221,222,247,253,13,6,0,0,128,0,131,191,7,3,240,238,63
32,54,4,0,222,11,48,130,125,15,240,253,37,0,113,64,8,0,0,64,0,255,121,143,0,0,32,60,135,0,48,4,128,187,126,255,119,189,43,0,92,253,131,42,213,218,61,15,14,232,105,156,246,188,211,2,0,0,188,111,11
202,2,16,221,54,100,75,10,69,121,50,4,0,0,238,31,62,204,63,251,119,127,38,144,66,128,132,65,48,118,131,0,226,255,7,16,103,51,154,32,64,252,126,27,49,160,1,104,0,2,0,0,0,121,228,253,255,255,161,255,15
33,62,108,0,136,17,48,2,233,79,240,92,173,0,112,202,60,33,70,64,0,158,240,134,17,0,0,16,198,0,126,174,8,2,112,255,247,63,160,128,0,252,131,62,84,138,127,239,255,187,1,27,64,0,1,238,1,0,176,119,11
0,30,2,0,190,0,8,192,127,79,240,205,3,0,255,94,12,0,3,112,5,255,55,0,0,0,28,8,2,0,8,4,224,245,191,254,99,30,0,0,250,251,255,17,226,231,59,31,0,0,0,0,66,240,251,131,131,240,255,239,39
32,126,4,0,204,9,60,128,249,207,240,9,180,129,223,252,0,0,0,0,0,207,56,194,0,0,16,26,71,136,127,64,24,0,112,247,255,63,227,140,9,255,207,97,252,63,0,96,206,11,8,0,240,255,243,34,32,240,252,15,3
8,30,32,16,190,0,0,194,95,206,240,221,3,10,241,56,0,0,1,112,31,255,181,11,0,0,124,8,2,16,8,196,252,53,39,230,98,30,115,0,158,155,207,3,224,207,63,29,14,240,1,159,234,128,3,0,0,0,252,175,39
3,0,188,76,16,34,3,0,32,1,91,6,2,64,168,247,127,230,159,233,51,30,241,153,33,0,64,32,24,243,32,2,128,0,80,0,5,0,128,34,0,68,34,104,221,248,0,48,0,4,128,32,136,75,111,223,223,14,65,248,52
33,63,12,0,128,153,124,50,249,239,240,223,239,48,247,195,9,96,0,0,0,0,112,198,17,1,0,152,231,136,63,132,32,51,39,228,255,63,115,0,152,255,239,115,240,63,11,199,198,251,126,4,32,140,245,0,224,252,189,23,0
218,16,242,249,62,0,8,202,77,105,48,28,133,0,196,95,254,143,255,243,127,255,223,0,2,214,4,0,26,51,1,137,196,170,89,53,68,34,146,239,0,212,104,26,240,193,63,220,7,251,225,13,34,128,65,0,128,192,240,238,7
1,54,36,0,132,2,1,147,109,3,240,220,1,56,247,195,12,0,2,64,0,102,48,139,0,0,88,44,2,48,96,71,26,1,248,255,35,16,0,0,254,255,167,129,223,216,59,63,0,0,0,153,207,252,255,231,7,0,252,239,7
1,60,4,0,128,51,32,0,241,207,224,11,68,1,250,229,31,2,0,0,0,13,64,128,33,2,0,48,140,17,48,0,128,64,80,220,255,15,128,184,33,112,191,239,8,62,121,224,222,223,243,0,224,169,247,9,12,4,128,255,26
37,6,126,55,141,25,248,149,40,2,165,4,0,120,255,192,223,249,119,238,8,134,112,231,16,0,32,156,231,8,63,39,201,89,59,107,1,0,0,16,254,255,145,180,7,203,28,32,7,224,0,159,127,0,0,2,0,240,255,255,11
225,9,63,12,0,0,248,55,8,210,173,1,0,78,136,252,63,224,9,8,0,0,128,0,2,6,4,0,0,0,222,253,125,65,9,32,0,242,119,64,170,171,213,181,46,199,6,152,1,54,192,199,12,0,0,32,63,159,231,204,62
33,31,108,38,136,29,56,192,127,143,240,3,0,128,255,247,159,89,71,248,76,142,112,4,0,2,0,220,247,0,95,210,151,100,189,255,249,11,2,127,255,147,126,95,160,117,0,0,0,192,192,44,237,251,255,3,2,228,105,255,62
30,29,242,251,127,242,101,54,210,254,205,11,133,128,255,31,126,191,255,247,255,255,143,200,119,231,230,34,220,159,240,220,31,68,164,204,255,127,127,17,251,35,254,239,12,254,151,254,133,159,224,0,0,64,193,211,3,235,123,255,63
193,169,8,108,0,115,193,30,130,248,1,240,253,255,38,3,1,224,4,152,0,0,0,128,251,230,1,0,190,55,193,187,235,238,130,0,216,229,174,187,118,1,0,46,64,90,192,2,144,152,182,96,65,219,239,223,218,108,1,241,32
65,137,31,4,0,48,33,68,147,252,9,3,252,99,204,223,51,2,0,0,0,9,0,128,39,78,0,0,136,51,32,9,113,239,78,200,132,240,239,144,1,116,155,239,12,62,0,128,80,22,218,161,15,64,246,253,255,247,225,207,62
195,137,8,76,0,34,225,127,0,136,200,247,122,95,0,53,1,226,186,24,19,0,128,137,47,76,92,32,8,49,224,255,127,12,2,1,16,240,119,131,6,7,1,102,204,223,110,179,219,116,155,183,41,129,4,8,124,54,129,153,56
225,2,10,135,225,204,222,26,76,107,118,0,192,241,255,39,31,252,7,255,224,7,60,96,128,0,1,223,115,238,159,207,254,187,7,48,35,3,25,100,200,253,239,25,247,65,0,0,0,128,144,77,109,202,173,83,66,254,107,217,56
32,239,7,2,193,221,62,18,89,222,228,141,64,144,63,65,1,24,0,248,192,0,12,224,128,1,3,155,119,204,95,192,12,48,251,230,103,54,51,204,152,153,255,1,230,199,128,39,224,1,24,192,3,126,252,249,251,255,255,17,0
1,93,79,34,73,185,48,102,219,222,137,203,229,57,255,202,17,19,64,4,136,136,105,204,49,99,98,50,221,11,116,159,25,96,250,220,207,92,102,153,51,51,191,111,68,30,31,235,207,254,217,141,101,172,177,96,97,177,252,79,26
96,77,11,4,0,17,176,253,159,148,207,139,229,49,255,75,1,64,0,56,0,0,16,0,0,34,0,48,205,9,120,181,27,237,174,221,218,253,110,187,119,35,16,238,9,56,0,80,131,255,253,0,63,252,224,193,247,243,255,255,53
96,25,8,12,0,16,48,64,27,248,129,3,188,129,77,94,51,192,0,184,1,0,0,0,3,38,0,0,206,8,60,0,96,119,207,234,0,112,247,221,11,8,252,129,14,127,75,197,18,217,255,5,32,128,255,1,168,213,144,38,7
74,237,145,72,18,34,195,62,150,253,11,3,184,127,212,30,35,230,136,25,49,17,1,8,98,196,196,32,24,115,192,255,31,128,8,152,128,121,111,49,123,99,190,239,25,120,106,157,88,115,239,255,142,145,214,173,191,3,144,46,7
64,237,139,70,81,255,245,108,146,244,15,3,237,99,252,223,21,118,133,141,176,8,91,88,97,231,67,242,253,255,244,155,255,70,222,200,141,44,196,253,33,32,255,255,15,62,32,72,92,175,235,144,254,127,215,255,167,131,244,239,31
136,239,3,194,113,238,183,253,158,176,15,2,40,127,217,56,0,0,128,47,240,0,191,120,224,197,223,227,121,255,245,55,223,204,188,249,152,193,12,51,255,35,48,252,15,56,224,1,120,8,255,240,191,255,254,253,255,19,132,0,8
8,136,16,92,2,32,193,161,48,132,73,31,9,2,80,10,32,96,159,104,19,50,240,9,2,12,76,0,0,51,128,39,241,207,21,128,147,8,64,16,39,38,18,223,139,244,127,14,0,0,1,23,144,0,2,4,204,1,168,127,10
128,31,6,0,6,0,240,63,150,181,79,11,68,129,238,231,22,160,0,0,0,127,0,0,1,10,0,12,0,0,245,245,27,132,172,223,250,253,111,163,127,3,32,237,221,184,67,235,209,26,16,0,0,0,180,232,251,255,173,95,8
160,198,7,1,244,206,31,137,109,39,118,192,227,255,255,192,15,28,0,0,64,6,62,112,128,128,253,255,123,255,143,100,46,153,35,115,115,159,57,38,220,255,35,8,255,0,12,189,239,247,253,255,127,116,144,33,163,251,255,15,63
55,142,255,7,193,155,52,0,224,215,205,3,160,126,247,200,255,127,251,7,128,128,248,127,16,33,254,19,255,136,52,0,0,0,0,64,255,31,32,128,254,55,139,110,196,30,0,0,192,242,89,255,15,172,178,96,101,177,252,15,10
225,253,8,36,128,153,184,254,31,252,201,207,193,184,119,11,1,64,0,248,136,0,96,132,17,35,0,156,199,8,191,221,127,255,239,204,0,240,127,24,51,51,254,103,136,63,0,100,255,235,124,192,243,191,248,240,241,249,190,35,1
1,188,0,4,128,11,97,161,176,4,73,223,195,123,254,63,0,64,0,8,0,0,112,157,0,0,0,252,137,19,160,66,160,95,22,2,255,14,128,151,41,47,151,129,204,255,56,30,8,0,81,158,255,255,227,199,69,1,252,255,8
160,255,0,4,128,1,112,63,240,135,207,135,64,216,191,37,0,224,23,16,0,1,0,128,0,0,8,60,1,0,244,126,187,200,22,217,255,143,164,182,101,111,3,236,13,218,73,82,128,12,146,0,249,255,244,73,234,247,201,223,56
1,252,15,4,128,1,0,0,213,253,90,254,139,99,192,254,57,0,0,8,0,0,240,221,103,0,4,0,144,191,97,68,1,81,32,154,166,123,127,0,232,234,255,133,15,180,255,253,127,95,207,181,140,225,222,13,191,3,128,204,31
64,237,15,4,0,176,37,229,178,148,15,135,195,113,238,119,1,0,0,8,0,0,16,0,0,2,0,36,128,191,48,48,241,76,158,201,152,200,228,147,39,39,18,253,15,62,22,190,133,183,240,11,15,120,224,235,195,255,249,255,10
216,25,0,252,63,96,203,82,73,218,164,1,225,184,255,11,32,200,239,255,255,87,133,32,130,68,117,1,126,85,138,137,228,118,75,36,64,34,146,253,145,152,253,19,96,7,8,68,39,249,125,78,242,186,65,128,128,200,126,114,3
0,78,19,8,118,0,7,82,95,250,164,192,229,185,255,75,2,128,0,48,1,23,0,0,2,4,252,3,106,249,60,0,4,0,153,254,233,79,178,255,255,147,252,59,242,131,7,239,193,19,120,131,7,60,240,224,227,251,255,127,3
0,61,0,0,0,49,32,224,251,140,200,215,131,122,245,74,12,0,0,104,0,6,48,0,0,0,32,16,204,9,48,0,224,239,190,221,219,29,98,8,119,87,139,111,208,254,58,15,2,195,121,157,239,188,243,129,165,193,252,111,11
224,241,1,4,128,1,200,243,121,4,232,135,64,144,47,33,0,192,1,120,0,0,16,0,0,0,0,124,6,0,128,203,244,127,7,162,37,10,209,95,137,158,78,1,170,39,1,102,227,45,52,0,243,126,104,208,246,251,127,179,32
97,233,15,6,128,221,252,119,25,202,236,1,199,241,238,223,27,120,4,12,0,0,96,224,129,3,3,138,99,204,254,255,93,0,222,224,0,100,240,223,1,3,195,247,238,31,0,72,194,95,251,0,164,253,254,225,255,247,253,239,31
64,237,1,4,0,16,32,164,178,149,75,215,235,123,252,159,1,96,0,0,0,0,208,0,2,6,4,0,128,11,160,0,241,239,5,136,223,217,76,49,119,34,50,223,137,116,126,154,159,254,251,63,239,233,167,5,15,131,225,255,62
33,237,11,4,0,136,116,32,80,206,236,247,203,127,254,63,1,96,0,8,0,0,48,192,0,1,2,2,67,152,188,2,249,223,7,64,131,12,32,144,33,239,147,229,79,223,103,191,192,2,72,129,13,36,246,237,255,243,253,15,26
0,54,36,0,158,0,0,192,127,74,240,128,255,113,254,247,190,2,0,96,0,127,241,10,0,0,64,32,10,17,64,68,12,1,248,247,34,118,123,0,218,153,237,1,246,11,26,150,142,255,255,29,111,200,227,1,0,224,253,255,48
0,134,4,0,134,0,0,128,247,5,90,67,252,188,55,192,207,0,0,32,0,98,16,3,0,24,120,60,2,0,0,2,144,16,20,163,255,11,128,127,255,222,6,65,187,53,8,130,207,249,127,159,243,156,32,0,192,112,190,51,0
8,56,0,88,150,34,3,129,249,7,232,143,67,240,255,7,0,128,131,120,55,7,51,8,0,64,220,109,26,243,0,2,224,255,23,2,245,12,128,255,9,190,151,129,140,63,0,98,207,71,48,22,247,255,96,192,228,99,252,255,0
97,205,15,4,0,136,252,52,152,214,239,157,195,115,254,159,1,96,0,12,0,0,112,192,0,1,2,130,97,220,254,95,255,83,7,64,166,60,117,128,41,171,255,225,207,223,35,45,64,2,72,128,4,52,210,252,255,211,254,70,11
183,22,254,191,237,141,252,211,105,2,244,84,33,122,241,200,255,127,255,239,239,196,252,255,156,33,63,159,231,140,255,167,236,41,59,101,82,148,34,138,220,221,137,58,244,75,62,13,79,242,105,159,247,164,16,32,32,145,254,15,11
64,13,18,92,6,0,97,32,176,148,205,3,129,113,238,31,34,224,155,120,17,19,0,0,2,68,76,0,136,17,160,16,240,127,7,128,239,78,97,157,59,3,222,97,204,127,6,12,1,50,240,31,31,32,128,194,195,227,255,255,15
33,230,13,0,128,1,0,192,109,2,180,4,0,126,114,129,1,96,0,8,0,0,48,128,0,0,0,252,239,221,94,71,8,0,248,255,2,16,32,0,254,255,135,32,119,74,0,2,0,128,127,255,207,255,255,255,71,161,172,87,8
33,207,15,0,0,136,126,48,184,199,239,1,129,120,255,202,1,96,0,0,0,0,48,64,0,1,2,134,225,205,254,167,29,0,34,232,211,30,118,144,255,183,219,255,78,159,1,105,64,10,72,128,4,62,254,252,255,255,190,6,11
1,130,12,4,128,0,72,129,224,3,23,0,192,184,119,203,5,96,1,8,0,0,16,0,0,2,0,76,2,32,193,238,7,0,16,0,255,3,0,102,252,252,4,128,51,65,0,4,0,8,121,0,131,190,250,244,253,241,190,55,1
72,0,176,252,191,0,3,192,121,6,252,129,193,241,239,7,214,130,181,248,255,127,19,0,0,94,88,44,10,241,128,74,224,250,23,0,117,14,128,255,1,252,207,1,246,79,12,14,131,107,240,6,127,248,96,192,192,243,255,255,0
0,14,20,0,10,48,0,0,240,151,205,11,196,0,118,203,54,32,0,0,0,191,0,0,2,6,4,0,132,1,0,2,128,0,80,237,223,14,128,218,5,182,3,127,136,55,18,224,132,145,16,9,3,0,105,250,1,252,58,115,0
39,238,205,167,225,255,126,2,96,239,240,0,193,120,255,143,157,127,231,207,232,136,126,254,241,163,163,251,255,143,55,64,32,50,2,2,231,47,163,140,8,252,255,1,240,75,0,0,0,0,0,240,198,255,255,255,255,3,16,34,7
161,87,78,34,200,157,56,223,255,123,55,92,1,0,213,90,28,1,71,224,136,142,120,230,17,34,32,156,231,12,127,244,15,241,171,127,250,215,63,32,254,249,253,58,117,200,49,109,0,2,0,0,196,54,219,182,1,209,182,102,15
3,130,189,1,132,2,3,129,36,1,19,22,10,122,240,247,237,110,3,96,0,6,240,59,0,0,220,69,16,243,65,38,0,9,56,17,19,145,0,2,254,103,0,254,23,192,46,147,1,112,9,255,15,0,0,4,100,3,252,15,56
1,12,252,2,128,51,32,128,113,132,232,223,11,2,240,224,189,99,207,64,0,4,240,207,0,0,64,32,206,17,48,134,136,33,50,68,95,13,0,8,84,87,139,106,208,222,191,151,8,16,9,147,0,0,18,166,164,0,254,11,33
53,30,126,51,239,141,60,145,125,71,246,76,32,8,17,248,255,29,115,102,206,238,124,103,16,33,59,223,231,140,127,134,10,161,114,247,119,31,42,136,220,221,171,42,244,74,31,1,71,248,12,143,112,132,17,32,32,24,222,0,33
3,13,254,5,0,48,64,36,176,149,75,31,9,34,208,222,255,119,95,9,0,0,240,157,67,0,4,0,144,35,225,36,17,64,36,137,222,249,78,16,37,54,18,255,136,244,247,252,61,55,0,3,4,0,0,254,31,131,32,236,31
32,205,7,0,0,216,60,212,142,114,135,12,131,97,255,223,2,0,0,0,0,1,0,0,0,2,3,144,245,207,63,146,205,100,155,124,201,70,52,251,254,1,248,190,6,195,129,124,32,7,224,0,14,114,255,255,179,251,127,238,39
244,31,98,50,205,157,184,217,47,66,182,12,0,0,119,8,156,17,119,254,206,239,124,103,0,32,50,222,231,8,191,196,236,255,39,102,98,22,51,132,254,253,205,32,116,203,24,0,0,64,0,14,240,190,1,0,0,240,254,7,11
37,6,126,59,78,17,120,145,232,67,180,12,4,0,213,216,255,253,127,246,15,255,124,133,17,32,32,28,132,0,255,160,40,40,2,69,255,183,178,202,148,213,129,62,116,203,23,160,5,176,0,11,0,0,1,2,0,248,255,93,26
3,166,253,1,164,6,75,129,224,7,118,212,10,126,240,229,253,110,19,66,0,38,244,255,4,0,216,237,0,118,75,110,134,1,112,51,247,27,0,0,204,252,103,128,59,161,166,167,249,37,28,251,159,14,0,254,255,58,30,17,32
183,70,255,147,247,206,127,25,224,7,63,68,3,123,255,254,255,255,255,103,224,246,191,255,128,1,255,255,115,254,223,102,175,217,3,16,255,15,8,34,252,255,35,188,31,136,46,253,239,119,233,151,62,116,0,160,167,211,255,143,55
176,7,2,24,110,0,218,255,125,39,118,4,0,136,63,32,6,128,35,112,7,255,14,0,0,0,188,15,2,96,207,255,31,128,184,247,114,213,123,34,254,223,35,42,241,24,0,0,0,0,0,202,112,70,24,50,48,252,127,0,53
160,23,2,24,238,0,248,191,108,39,118,4,0,136,255,0,0,160,115,112,6,255,14,128,0,0,56,221,3,0,15,226,238,255,23,119,113,7,136,238,221,255,227,56,247,8,0,32,0,0,0,138,240,127,0,34,0,88,246,0,39
160,191,0,0,8,145,184,108,159,253,31,130,193,56,255,75,30,1,0,248,8,143,16,4,16,32,32,208,247,14,63,128,215,229,253,254,194,27,94,120,251,243,254,127,176,101,16,14,132,131,120,137,71,188,241,226,193,253,255,119,3
32,15,2,8,14,0,112,55,232,214,237,1,0,128,255,24,6,160,95,112,0,255,5,0,0,0,32,20,132,0,88,66,157,80,23,238,253,14,145,223,191,191,223,145,238,7,0,32,0,0,0,0,240,110,0,118,3,184,111,209,56
64,13,48,24,6,0,96,0,224,23,15,3,0,128,187,165,254,224,255,112,1,127,0,0,0,0,12,0,0,16,160,10,169,210,18,64,253,13,128,255,1,105,191,165,77,26,0,96,0,8,0,0,16,0,0,128,128,114,223,187,37
0,12,56,28,6,0,0,224,17,132,72,3,0,0,254,71,255,194,191,248,31,31,16,0,0,4,4,0,0,16,224,167,181,1,4,128,211,26,64,0,181,254,10,95,136,117,1,0,0,88,0,0,32,128,96,0,228,114,220,63,32
64,29,208,124,30,48,224,63,224,95,160,141,1,0,255,15,42,226,255,247,25,223,1,128,35,0,68,32,142,17,200,238,171,98,2,0,255,47,162,158,16,125,155,38,64,154,21,110,133,35,0,2,112,56,0,194,193,225,255,255,10
160,118,2,0,238,0,60,251,127,7,252,239,3,193,255,52,0,0,0,112,4,255,12,0,0,0,60,15,2,0,126,255,31,8,248,255,51,142,0,198,221,223,3,0,255,231,25,19,0,0,0,136,249,255,179,99,98,50,253,159,56
64,29,0,8,30,0,192,239,19,132,73,15,0,0,246,3,10,160,159,240,19,191,33,128,0,0,0,0,136,17,192,255,87,37,188,175,0,88,86,0,255,2,94,87,168,245,17,38,0,0,0,0,83,24,97,194,192,96,152,191,32
8,237,129,64,18,34,101,173,182,149,75,215,40,58,240,64,32,2,136,96,19,55,179,137,38,76,236,34,136,187,224,44,19,192,100,153,151,185,76,48,101,126,51,239,13,188,101,111,217,3,73,176,150,61,246,254,255,19,164,15,11
128,246,5,0,148,38,3,129,244,7,122,255,10,78,144,116,0,0,0,0,0,38,113,59,0,72,200,236,0,115,128,36,38,169,37,33,255,159,90,2,212,254,3,90,187,225,241,18,56,136,135,120,232,239,191,127,31,4,0,208,60
0,62,0,32,158,19,0,193,255,7,200,159,69,0,118,67,20,0,0,224,25,255,243,12,1,2,0,48,142,1,64,110,145,91,252,255,247,13,128,2,1,254,3,193,136,62,17,96,134,201,32,0,240,248,227,130,0,96,248,255,1
33,24,116,0,190,0,192,54,192,218,160,9,4,128,238,191,190,162,239,82,0,223,7,128,0,0,0,40,62,17,200,255,31,0,248,110,238,118,55,69,154,0,220,17,98,71,1,76,0,9,96,0,208,120,227,215,195,227,127,255,7
72,249,131,76,18,34,129,228,23,176,11,143,3,0,238,63,4,130,129,248,251,31,19,8,32,198,196,96,152,191,32,17,209,215,254,219,128,64,196,177,35,34,180,237,15,252,33,124,0,14,192,0,136,121,238,253,255,195,121,255,63
0,62,0,0,26,51,1,160,243,133,73,159,69,0,242,7,0,0,2,224,16,31,115,136,32,0,64,96,156,51,128,10,177,251,85,136,255,11,192,16,1,254,62,197,136,244,51,102,132,1,0,0,194,24,111,222,194,96,26,179,33
160,23,0,0,142,0,56,235,255,165,90,2,4,128,87,74,2,0,0,112,0,239,10,128,0,0,8,92,1,0,119,239,223,250,255,255,244,171,223,254,197,254,35,95,187,48,0,96,4,1,0,8,114,255,125,130,0,252,159,35,33
0,246,7,0,6,0,1,128,245,47,114,126,15,67,208,252,36,0,0,0,1,22,176,19,2,4,220,0,2,48,1,2,162,169,54,16,255,15,0,32,84,255,35,126,217,248,251,157,24,24,139,49,136,129,223,47,47,6,128,140,63
1,176,132,0,144,39,1,193,167,0,3,156,205,0,100,79,16,2,0,224,48,14,243,187,33,66,0,96,24,119,64,63,128,5,248,127,31,0,0,1,6,0,0,190,1,192,33,110,136,11,97,0,176,57,226,204,253,1,56,119,11
26,242,151,193,54,102,7,192,12,97,118,156,3,64,252,255,46,14,136,51,113,119,143,56,226,196,221,227,56,255,0,1,64,0,184,119,0,0,0,0,222,221,233,58,247,192,227,121,96,8,0,0,0,39,254,253,255,159,134,0,30
32,127,0,0,220,11,37,179,251,7,236,255,102,17,187,33,0,0,0,64,0,239,57,128,0,0,64,60,75,145,56,230,219,249,254,223,243,141,32,130,124,127,3,236,205,158,255,247,255,5,16,0,241,79,59,127,66,48,207,25,48
32,238,141,3,64,238,55,64,89,254,228,1,226,127,255,255,191,30,0,24,208,0,0,128,160,65,215,163,127,255,94,0,0,0,104,238,32,58,119,196,185,187,255,209,238,55,0,39,200,7,184,245,175,255,255,253,255,243,255,63,33
3,184,156,64,16,50,1,96,147,156,73,159,207,0,224,199,61,6,132,128,49,24,243,152,99,198,64,32,24,51,0,0,144,68,252,156,141,8,192,17,35,34,58,207,137,244,255,231,184,25,51,0,0,0,110,220,252,100,8,51,32
64,237,1,4,0,250,101,37,178,148,79,131,229,121,255,7,1,192,0,152,16,0,0,0,49,99,2,112,253,31,176,138,249,239,6,196,197,12,226,187,17,119,155,111,192,62,1,111,192,15,248,128,215,127,254,255,255,243,253,127,10
33,253,76,0,8,153,56,86,203,122,165,200,229,40,247,202,17,1,0,0,8,128,112,36,17,34,32,144,254,4,26,211,201,116,250,110,233,68,39,157,58,25,221,34,68,203,59,13,12,203,105,156,230,180,251,135,133,193,254,103,3
32,13,76,0,128,17,56,211,235,66,164,193,229,184,119,193,21,1,64,8,8,128,80,4,16,34,32,152,231,0,94,251,141,34,219,111,253,6,128,223,144,145,205,50,100,15,0,12,68,155,120,136,71,188,249,242,161,249,190,103,11
96,253,0,0,18,32,101,18,201,222,164,129,70,209,239,119,2,128,0,16,0,3,1,0,32,64,68,34,106,217,184,0,232,255,6,64,127,237,235,175,25,91,175,35,212,30,0,98,239,7,176,16,251,254,251,199,198,98,255,187,32
136,22,4,0,254,0,3,137,236,39,118,200,100,144,63,65,10,0,0,80,0,255,15,128,0,0,252,77,0,112,1,32,130,136,112,247,255,143,8,162,76,253,35,40,245,216,21,71,132,169,56,0,83,28,97,226,192,252,255,51,32
176,246,7,2,225,205,62,129,255,7,118,192,227,253,255,193,0,16,0,4,128,2,60,100,128,1,187,255,247,204,63,162,196,184,255,255,113,143,128,255,253,255,3,26,242,225,243,127,240,7,254,224,15,255,255,255,251,255,159,3,1
3,254,141,3,144,255,39,196,182,148,11,255,235,123,252,255,1,38,0,0,0,0,243,253,225,195,194,244,253,255,33,16,129,93,188,251,187,88,69,17,254,35,20,197,15,60,96,60,252,135,255,250,255,127,255,255,143,131,96,255,31
245,7,126,55,205,153,248,63,108,103,246,124,2,142,17,176,221,249,127,239,206,206,248,119,8,17,50,158,71,136,255,255,191,169,3,0,255,15,48,194,222,223,193,58,246,195,255,19,0,16,0,105,8,0,13,27,10,60,1,128,60
129,130,12,4,128,0,193,139,32,0,114,142,64,16,226,231,9,96,0,8,0,0,112,128,0,0,0,44,0,112,192,255,22,0,104,35,22,176,17,0,0,220,2,16,243,161,5,230,137,41,48,2,19,24,96,220,222,99,90,243,32
64,61,0,72,26,48,161,194,15,120,0,132,64,144,187,33,0,0,0,120,177,3,1,0,32,196,198,98,223,187,48,145,72,164,186,94,72,68,42,169,126,1,188,42,84,218,144,54,132,133,48,93,107,218,107,211,2,104,91,187,33
224,233,11,12,0,240,216,54,203,250,160,1,245,249,255,139,3,224,4,24,0,1,0,0,3,38,1,0,254,13,218,219,61,38,5,36,204,106,246,221,145,144,222,119,162,39,128,196,240,255,255,65,6,178,255,255,251,255,51,98,3
37,246,237,3,128,223,62,128,224,7,246,252,203,123,246,199,221,127,7,14,0,0,240,255,129,3,0,252,255,206,63,2,128,8,48,119,127,7,0,2,222,221,1,50,242,195,255,127,253,15,253,208,223,127,254,255,255,3,254,255,0
1,2,12,4,128,0,64,129,96,1,80,138,68,16,162,231,29,64,2,72,0,0,112,128,1,0,0,12,0,48,192,255,22,0,96,1,126,241,11,0,4,68,0,8,177,96,11,130,0,120,48,1,0,128,96,64,196,96,88,251,32
1,254,13,0,128,63,1,128,247,149,75,131,227,123,255,223,31,119,0,0,0,0,112,152,0,0,192,252,221,187,33,0,192,85,189,187,171,10,69,20,255,42,86,197,139,53,32,46,152,7,243,188,255,255,247,205,239,163,248,255,10
37,246,237,3,128,95,10,128,101,3,50,156,203,115,238,247,253,127,2,0,0,0,240,255,0,0,0,252,127,102,11,2,128,0,112,119,119,7,0,2,156,253,3,2,112,195,255,254,154,31,241,17,15,248,230,205,223,227,121,255,48
192,176,8,4,0,114,193,76,6,57,19,30,139,99,236,31,1,64,0,184,48,0,0,0,65,194,128,96,152,119,1,1,227,239,141,25,0,241,156,51,102,96,48,222,19,224,110,188,27,7,194,55,174,241,198,137,143,199,97,255,31
72,237,147,207,115,254,255,54,154,254,237,135,131,113,255,31,0,218,139,255,241,23,15,248,226,197,199,227,253,255,254,143,255,99,7,136,197,42,214,216,177,246,251,255,10,183,67,255,208,7,72,161,15,253,254,253,255,247,253,79,30
180,247,64,163,253,223,188,255,255,45,82,142,64,144,255,1,16,17,68,230,236,239,127,118,145,35,35,254,255,142,127,254,159,248,253,255,255,143,75,127,255,255,46,1,153,240,1,34,128,0,16,0,241,255,255,255,75,252,9,49,0
33,29,76,4,128,17,48,32,243,156,200,11,6,65,168,247,29,96,6,200,0,0,112,128,1,2,0,20,132,0,244,63,17,64,252,136,135,8,68,16,33,34,18,197,140,127,0,16,0,12,129,0,232,192,131,7,6,2,225,255,62
65,136,28,4,0,48,1,32,16,140,72,19,142,67,200,255,59,66,0,72,0,0,32,128,99,0,68,0,152,51,0,8,240,74,84,136,133,40,192,123,1,246,18,223,139,245,99,248,24,6,128,49,12,224,166,77,207,135,97,255,62
37,174,252,3,128,15,48,128,241,7,120,131,64,209,170,229,255,127,39,0,0,12,112,223,1,0,0,252,71,0,53,0,128,0,112,194,255,14,0,4,9,63,151,129,204,191,2,230,133,17,48,11,3,24,96,214,192,104,94,179,32
192,224,11,4,0,96,207,77,6,49,31,22,139,103,204,63,1,64,8,8,1,0,128,144,231,206,133,0,16,255,131,57,103,207,137,25,0,241,156,115,102,64,48,220,31,224,226,188,56,7,231,113,142,115,222,255,255,143,65,236,63
180,23,70,163,239,221,60,152,255,255,55,132,65,176,255,195,158,185,71,246,200,207,62,228,0,1,32,223,247,204,63,128,132,241,247,255,255,31,127,252,249,255,255,27,50,161,0,36,0,1,32,0,83,126,241,243,195,252,255,127,1
0,13,2,0,6,0,32,224,81,140,232,3,0,97,220,126,2,0,0,112,1,23,0,0,0,0,92,0,0,17,32,0,16,32,52,205,215,12,98,154,53,55,139,111,200,62,0,24,0,22,192,5,12,224,128,1,3,131,237,223,30
32,29,86,34,78,145,112,54,233,223,228,9,4,128,17,184,190,177,111,100,8,223,56,4,16,32,36,16,238,8,254,190,59,234,70,213,255,175,238,187,17,117,171,127,212,94,129,64,0,8,4,0,0,6,153,62,49,152,38,0,30
255,1,254,255,127,255,203,63,96,67,180,0,0,208,255,167,255,255,255,255,255,239,47,184,228,65,217,255,121,255,202,255,63,0,0,0,255,255,50,72,144,144,72,58,112,67,0,0,0,0,0,75,11,0,0,250,211,254,123,251,52
32,29,2,0,0,0,112,34,113,143,120,15,4,0,119,10,0,32,0,0,0,7,0,128,0,0,0,16,134,0,52,128,56,35,38,196,127,62,98,136,17,159,207,99,248,255,1,96,0,8,0,0,112,128,1,2,0,16,134,0,53
32,13,2,0,0,17,48,181,186,214,173,13,4,0,253,120,20,0,4,240,0,15,112,0,1,2,0,16,198,8,188,182,185,111,22,204,223,12,102,155,55,55,155,127,68,222,19,224,0,16,0,1,0,0,129,34,3,144,255,207,31
56,125,128,211,253,239,231,243,41,2,228,141,199,49,255,7,28,158,135,247,252,239,127,120,224,195,195,255,255,255,152,255,237,127,255,111,33,6,0,196,158,157,205,0,102,207,45,127,128,15,0,0,240,127,226,197,231,227,255,255,3
33,191,4,0,0,17,48,32,113,173,88,143,193,48,255,199,0,0,0,0,0,0,112,0,1,2,0,16,134,0,37,128,176,179,100,132,247,59,66,8,17,254,46,75,184,244,17,46,132,3,112,8,87,120,225,195,195,249,255,255,1
33,77,15,6,1,216,60,52,218,222,173,1,129,32,255,207,63,248,7,28,128,0,0,192,1,1,2,130,255,207,254,159,29,64,83,236,197,46,182,217,177,177,223,247,6,15,0,0,0,10,104,0,6,124,252,249,255,255,255,111,15
1,236,15,4,0,119,8,4,178,181,11,139,199,113,238,255,1,96,0,8,0,0,64,0,1,2,0,240,188,127,3,16,225,221,149,41,187,75,4,83,239,34,80,220,11,37,1,126,128,15,240,0,15,121,229,223,203,239,121,255,62
32,15,103,16,206,9,56,169,255,167,95,66,52,205,153,248,206,17,0,32,8,255,24,5,0,40,60,30,133,8,55,2,154,248,246,223,255,13,232,190,125,127,163,239,221,56,16,152,71,254,203,143,108,228,145,3,3,147,229,204,63
0,13,18,8,2,16,48,48,121,206,236,13,4,0,144,48,26,128,15,240,1,31,0,128,1,2,0,0,132,0,124,138,25,96,254,204,207,44,230,152,49,51,155,111,196,158,7,224,5,0,0,0,16,0,0,6,2,0,254,136,53
1,14,12,0,0,17,0,224,183,133,75,3,133,32,118,203,31,0,0,8,0,0,112,128,1,2,0,20,132,0,32,0,144,202,220,185,157,11,196,115,101,102,18,221,139,52,0,96,128,9,48,0,3,184,225,194,193,241,190,119,1
0,93,22,8,2,176,52,52,219,222,141,143,131,97,254,95,62,16,4,248,129,31,216,0,3,6,0,0,252,223,60,0,185,103,71,236,207,110,246,217,177,179,223,247,14,255,19,254,0,7,64,0,14,112,227,215,195,227,123,255,31
1,226,15,4,128,1,8,192,174,49,7,128,199,113,238,223,29,0,0,8,0,0,112,128,1,2,0,4,128,4,11,0,128,204,216,61,153,3,136,123,230,96,48,190,19,0,0,126,128,15,240,0,15,120,224,193,195,235,123,255,63
64,253,0,64,26,178,225,102,211,252,73,143,199,48,255,15,0,128,128,16,16,159,3,8,34,68,68,32,220,63,32,153,241,103,204,140,204,104,198,25,49,50,254,231,136,254,49,94,140,139,113,0,198,249,255,239,195,225,248,255,3
192,125,0,124,141,27,176,237,63,4,91,143,69,0,119,3,12,192,23,252,255,15,56,0,0,0,0,124,193,171,181,35,243,255,31,137,145,136,196,251,247,102,2,255,139,244,127,255,221,7,16,0,213,125,240,239,227,243,253,127,8
37,14,255,39,73,153,60,208,42,66,173,1,4,128,221,216,255,255,127,238,140,138,120,70,16,34,34,156,231,8,126,32,0,0,248,253,89,197,42,187,247,87,1,126,85,26,0,128,32,184,76,193,0,0,25,58,51,156,103,0,30
33,14,124,0,136,17,56,128,251,135,236,3,0,0,51,224,255,113,7,0,0,14,112,135,1,2,0,28,135,0,63,2,144,8,180,253,255,15,64,170,255,247,3,127,253,62,0,0,0,152,0,0,0,128,1,2,0,0,204,9,56
101,13,252,36,8,17,192,31,232,90,164,8,4,128,51,192,255,251,239,146,8,143,0,4,17,34,32,152,238,0,218,255,15,32,64,100,239,103,190,253,16,241,253,62,96,203,179,7,0,8,44,0,66,30,123,246,240,120,30,34,1
33,6,108,4,128,17,24,129,228,7,19,0,64,16,238,199,223,97,7,0,0,0,112,135,1,2,0,28,134,0,67,100,2,8,176,151,255,157,9,34,126,94,2,8,145,56,0,6,128,1,112,1,7,56,225,194,193,253,127,119,0
33,230,15,6,128,255,63,0,224,111,240,244,251,126,51,193,9,112,0,0,0,0,112,254,0,1,192,251,255,255,126,66,128,16,120,254,163,1,0,4,232,248,255,129,31,32,224,31,248,7,255,241,143,127,254,253,255,31,134,0,39
0,29,0,8,22,0,33,176,121,206,236,7,0,8,187,48,2,128,1,112,17,119,1,0,0,4,92,0,8,145,56,0,248,51,54,198,99,28,98,136,25,159,207,99,236,95,0,0,0,0,0,141,105,204,115,1,0,112,255,155,48
152,118,6,0,126,224,39,136,253,239,122,222,7,0,255,120,0,0,0,112,243,255,15,0,66,132,255,3,240,255,103,0,18,128,252,255,247,191,90,42,85,254,35,123,249,176,209,116,52,141,0,0,192,247,255,255,3,220,81,170,55
33,238,13,0,128,221,62,144,232,71,165,64,233,122,245,202,13,96,0,0,0,0,48,100,0,0,32,211,255,143,127,130,5,0,49,108,215,14,18,88,180,253,219,118,34,7,32,13,120,3,111,240,254,127,222,191,191,3,182,38,7
33,2,124,0,128,1,56,0,96,7,114,0,8,67,168,245,255,97,6,0,0,0,240,135,1,0,0,28,2,0,7,0,0,0,48,179,119,27,0,0,204,222,2,88,251,33,0,144,128,20,144,1,9,64,32,73,78,38,73,217,60
136,22,18,24,126,0,8,152,109,99,54,12,4,0,17,56,2,128,9,112,7,255,15,0,0,12,60,0,0,0,3,2,140,153,115,127,247,7,32,226,204,253,225,56,119,203,31,225,7,8,0,0,112,128,1,0,0,156,231,12,31
39,12,252,55,128,17,112,32,224,132,72,19,8,6,0,192,255,255,255,141,0,0,240,223,25,2,0,24,6,0,244,79,27,0,0,128,39,29,64,0,1,122,191,193,221,252,175,133,0,48,0,3,0,0,0,132,180,64,150,34,33
71,128,255,31,0,0,200,0,0,0,7,0,0,119,204,255,255,255,255,207,0,0,240,129,5,2,0,4,0,32,195,45,4,0,0,0,6,176,16,0,0,140,65,144,111,195,6,146,0,48,0,111,15,0,0,218,219,239,91,249,48
39,12,254,39,201,223,252,62,192,254,224,25,205,0,244,207,255,255,255,199,128,140,252,255,251,1,2,210,255,143,255,223,31,0,224,254,238,127,127,0,16,248,255,115,240,39,7,237,193,59,104,0,0,16,192,224,231,243,255,111,3
37,12,127,55,129,153,120,16,224,198,237,1,0,64,136,252,255,255,119,206,0,0,112,231,17,3,0,156,199,136,255,12,13,0,0,32,255,190,244,192,128,189,211,246,110,71,0,0,0,48,0,3,12,0,0,48,59,159,231,204,62
33,6,127,2,128,9,60,192,95,107,54,0,128,104,253,218,223,89,1,104,0,0,48,64,0,0,16,223,103,204,63,0,128,0,250,127,65,7,0,234,254,253,233,58,117,10,0,160,64,17,40,207,14,148,208,161,179,223,247,46,7
33,140,189,70,209,170,119,48,8,206,236,1,96,255,255,229,191,254,131,14,16,0,0,72,32,65,67,163,123,255,248,199,25,0,32,66,34,28,101,132,120,123,191,161,204,30,0,0,0,240,189,255,43,220,114,225,244,114,223,27,32
1,22,46,0,128,1,8,129,125,7,122,30,11,67,200,254,29,32,0,0,0,4,112,131,0,0,0,12,2,0,8,34,128,137,116,215,119,143,0,34,77,223,3,72,253,248,114,48,28,4,131,121,204,193,143,31,15,2,64,200,62
37,6,127,3,128,157,56,128,228,39,126,0,0,32,221,222,255,125,71,4,0,8,112,230,1,2,0,156,231,140,63,0,0,0,48,253,247,31,88,96,253,255,99,127,251,33,0,128,0,154,64,9,4,32,157,191,3,221,167,68,31
160,22,2,0,14,0,24,153,125,103,246,12,4,128,191,48,0,128,1,112,0,255,20,0,0,0,28,12,0,64,15,96,142,185,115,119,255,143,57,238,220,221,97,56,247,129,1,96,0,8,0,0,112,32,1,2,1,156,103,196,30
65,8,88,44,0,49,128,68,2,152,129,131,84,144,34,195,19,194,132,152,16,8,64,0,33,66,0,32,8,17,0,8,224,119,204,10,4,96,133,29,1,40,124,133,0,53,10,194,135,249,49,13,33,136,33,64,64,96,24,119,0
231,3,254,255,65,217,252,63,224,239,114,26,141,32,244,159,255,255,255,207,200,8,232,255,255,35,2,144,255,142,255,255,63,138,0,0,223,255,254,186,69,244,3,254,29,56,0,200,131,123,112,0,52,48,192,128,233,247,253,255,11
37,6,127,7,128,157,56,16,232,71,165,0,0,64,221,252,255,125,71,14,0,0,112,230,1,2,0,156,231,140,127,0,4,0,49,33,255,142,16,66,190,167,67,246,238,39,0,0,0,2,64,0,4,96,156,123,59,191,231,204,30
90,240,128,225,126,119,3,194,207,56,0,136,223,49,238,79,2,14,128,147,112,255,15,56,225,238,193,225,188,127,0,0,0,239,225,63,254,243,191,27,34,0,16,158,0,0,80,26,158,198,243,60,239,249,239,79,11,167,1,255,62
32,31,6,0,128,0,56,176,249,207,236,11,4,0,221,218,14,0,0,112,0,15,48,128,0,0,0,28,6,0,62,0,156,16,119,239,247,14,113,196,185,191,223,113,238,31,1,64,0,8,0,0,112,128,1,0,0,16,199,8,55
160,95,2,0,78,144,56,118,223,255,164,9,6,193,221,60,2,128,0,112,0,223,12,0,0,0,0,128,230,76,31,212,29,117,247,254,255,95,127,221,251,139,253,177,110,7,16,16,4,142,192,8,76,224,221,19,3,252,99,204,63
240,225,9,254,129,207,255,255,31,112,55,0,64,252,63,1,1,208,183,255,254,0,0,96,128,131,3,255,123,254,191,247,255,255,7,0,56,199,61,255,255,3,0,176,119,67,192,3,0,120,255,244,191,255,254,121,252,255,11,17,32
160,22,0,0,132,0,56,153,237,103,54,12,4,128,127,10,0,0,0,32,0,7,16,0,0,0,0,28,134,0,63,230,142,185,115,127,255,151,59,228,220,253,229,56,119,138,1,96,0,0,0,0,112,222,121,242,192,252,223,51,33
1,230,141,2,128,239,39,128,240,7,75,131,98,255,191,229,31,118,0,0,0,0,112,216,64,1,192,254,127,251,37,2,128,72,16,155,183,13,0,54,109,254,19,132,15,60,192,3,248,28,255,241,143,127,255,255,255,63,128,17,48
74,160,152,76,18,98,131,192,5,32,18,144,205,50,228,79,63,198,136,249,51,16,131,24,98,198,196,32,24,119,0,1,224,143,25,0,0,0,128,34,64,68,32,30,51,64,107,206,138,123,115,5,7,128,230,128,253,227,184,127,11
160,242,3,4,128,21,152,200,31,57,18,96,177,236,31,88,0,0,0,184,4,0,0,0,9,178,1,220,55,0,7,64,226,253,173,63,250,211,31,37,254,75,36,136,19,96,128,4,32,201,255,100,250,255,255,145,188,94,19,160,37
1,136,15,0,0,16,0,192,151,188,9,3,207,113,238,255,63,0,0,0,0,8,112,0,1,2,0,0,128,19,32,0,0,4,248,252,137,72,196,17,35,2,248,255,15,60,0,216,30,255,243,61,206,224,199,7,7,131,97,255,63
64,160,136,76,16,34,129,64,1,56,0,138,68,0,98,67,51,194,140,248,17,0,1,136,35,70,68,32,24,115,128,25,224,167,8,0,0,112,138,33,0,0,60,14,17,48,1,192,152,25,51,0,128,153,102,204,252,1,8,115,0
72,24,144,72,30,48,193,22,192,90,160,92,41,10,113,8,40,130,202,80,25,255,163,136,50,68,124,0,140,17,192,159,169,103,242,76,207,36,166,153,32,49,189,174,68,202,255,239,255,251,9,15,0,0,0,0,0,16,150,2,1
74,160,152,76,18,98,131,64,4,56,18,0,200,50,224,71,35,198,136,120,51,17,129,8,98,196,204,32,24,119,0,1,224,130,8,0,0,32,136,35,64,68,32,10,49,0,64,96,24,0,2,48,128,25,238,221,255,7,0,247,0
32,13,3,0,2,144,120,52,250,215,237,1,2,65,153,60,2,128,0,48,0,31,0,0,0,0,4,0,196,136,127,138,155,226,86,220,223,47,238,184,17,247,187,127,212,222,0,16,0,4,128,73,8,64,9,179,3,218,119,136,63
192,192,15,4,0,238,207,108,134,241,31,2,223,115,236,255,1,4,0,0,0,0,0,16,225,199,195,227,121,255,71,17,2,132,200,250,8,225,253,247,99,66,244,253,31,48,160,253,121,63,239,211,158,118,218,253,255,219,247,204,63
0,24,84,8,30,48,128,66,3,248,128,12,4,0,32,193,191,130,142,240,17,95,1,128,35,68,68,0,14,17,64,213,64,32,248,62,64,80,19,9,154,16,252,2,48,193,255,230,12,8,0,0,0,128,111,222,0,0,18,112,1
7,190,252,38,128,27,160,224,23,132,91,255,255,7,0,202,253,87,4,136,2,0,240,95,63,126,2,60,128,0,112,5,80,0,252,255,0,80,73,0,111,74,54,193,157,252,255,255,239,251,105,151,130,144,66,132,164,64,254,38,3
32,13,2,0,0,145,48,180,186,214,237,1,36,137,155,48,0,0,0,16,0,3,0,0,0,34,2,16,197,8,62,146,189,100,151,236,251,78,118,223,191,147,223,119,238,63,1,65,64,8,8,0,0,4,25,51,34,188,207,0,60
64,29,0,4,0,17,224,102,146,220,201,139,197,16,247,3,0,224,4,144,0,9,0,0,1,2,0,0,140,1,176,152,249,238,198,204,204,236,238,187,51,34,186,239,136,62,1,100,128,11,112,0,18,56,224,192,193,225,254,127,1
165,18,124,51,172,29,88,137,100,33,50,168,255,245,238,231,221,125,118,3,0,236,118,247,221,0,8,220,1,102,15,38,230,201,57,57,147,131,8,98,230,228,0,156,51,32,95,250,151,255,242,47,125,232,160,1,64,247,233,255,56
7,2,254,55,136,17,128,233,23,160,91,91,175,107,240,222,255,127,95,201,40,8,240,151,83,162,0,80,148,34,65,37,82,9,248,255,0,208,94,0,246,102,2,222,153,112,63,220,15,255,251,7,46,128,0,1,132,195,241,255,63
0,56,32,16,132,0,0,224,83,156,72,143,4,128,34,97,159,0,1,248,21,79,16,0,0,18,0,8,14,16,0,68,16,17,44,166,34,120,87,0,153,154,94,65,168,245,41,66,2,72,0,0,160,137,111,1,76,0,8,179,32
224,87,3,0,102,204,190,255,31,251,118,204,195,249,255,63,0,0,0,112,0,7,14,0,0,0,156,203,115,238,63,213,222,191,255,255,0,208,123,236,223,219,239,25,255,128,152,51,230,4,12,238,127,255,121,113,112,254,223,0,48
97,237,11,4,0,249,252,62,154,254,141,143,199,113,254,31,1,96,4,136,0,0,96,128,1,3,0,144,253,207,255,159,63,103,135,72,206,127,254,217,163,35,253,255,14,207,163,127,200,15,240,0,142,124,254,255,255,227,255,255,7
32,253,1,0,80,255,117,54,251,223,200,143,199,145,255,7,0,160,0,16,0,15,15,128,1,2,0,248,255,255,112,220,25,118,246,206,255,127,231,157,49,59,223,103,128,191,129,127,224,15,120,0,3,126,253,255,251,255,255,119,0
65,237,9,4,0,50,225,126,146,248,9,131,207,115,254,15,1,224,0,8,0,0,0,0,33,70,0,32,252,63,224,191,123,102,138,76,200,244,238,187,51,33,184,255,0,30,0,222,152,31,243,16,143,121,230,223,223,227,121,255,39
33,29,6,0,128,1,240,247,89,206,232,31,14,1,136,52,0,0,0,0,0,12,112,128,1,2,0,28,132,0,116,255,25,0,254,255,2,252,103,128,9,63,159,225,204,255,63,120,2,78,192,0,240,224,128,1,7,131,229,207,62
32,13,2,0,0,17,176,244,155,214,205,3,64,152,187,97,0,0,0,0,0,1,0,0,0,0,0,16,132,0,60,19,217,84,158,203,137,76,100,159,127,35,151,229,76,94,0,0,0,128,16,201,73,138,57,115,66,60,79,17,48
33,93,14,0,0,153,248,55,219,222,237,141,135,97,255,159,25,96,6,64,0,4,112,128,1,0,0,16,197,136,254,255,93,97,254,238,130,60,118,144,176,179,223,247,76,223,15,254,131,127,240,0,62,120,224,193,195,243,253,255,15
64,189,0,0,0,48,161,228,147,156,73,131,197,48,246,7,0,0,0,16,0,1,0,0,0,66,0,32,140,19,32,145,209,100,252,205,8,72,198,155,55,3,154,231,136,62,0,14,128,75,112,0,231,184,247,192,193,225,184,127,0
190,23,242,251,255,204,159,243,63,66,252,93,7,0,216,60,238,159,255,247,255,255,191,127,142,29,255,143,99,252,30,167,253,255,255,255,18,146,112,66,188,255,3,118,238,231,159,117,7,204,0,12,112,192,1,0,0,88,255,170,55
64,237,143,71,1,254,247,36,146,212,143,195,255,127,255,223,3,126,0,12,128,0,0,120,224,199,199,227,249,255,52,16,97,70,134,136,136,104,253,255,35,35,252,253,15,255,231,191,249,55,253,243,159,126,250,253,255,211,255,14,15
161,130,127,3,128,12,222,169,52,5,95,7,0,192,138,247,255,254,23,204,2,40,112,193,5,10,0,204,1,248,127,51,214,8,253,187,17,128,0,115,239,134,2,220,191,181,128,32,49,0,4,98,208,111,8,254,127,15,2,16,56
0,61,0,0,14,16,112,54,251,223,237,139,199,49,255,7,2,128,0,16,0,31,9,0,1,2,0,32,207,153,56,136,57,99,102,204,255,63,231,152,49,59,223,231,204,63,17,110,135,143,240,0,115,120,225,195,195,249,255,255,0
128,226,143,68,0,238,231,233,52,37,127,162,251,255,238,255,3,94,0,8,0,0,0,88,224,201,207,231,121,255,32,35,210,136,28,145,17,137,136,247,239,71,34,252,223,248,239,127,203,39,249,146,191,124,210,229,255,131,253,239,31
33,253,15,0,0,221,60,54,223,255,228,205,195,248,255,203,13,32,0,0,0,0,112,64,0,0,0,216,255,142,255,138,157,98,87,236,239,15,246,221,177,179,255,119,32,199,146,63,224,7,112,201,79,254,253,251,243,255,127,119,3
8,237,131,74,83,250,37,34,213,253,88,71,161,122,245,10,34,146,136,117,185,159,139,72,98,197,230,2,255,187,52,136,185,234,86,220,215,45,238,186,17,119,187,127,192,30,226,223,248,31,255,241,143,87,255,255,255,95,149,2,37
0,173,4,0,0,32,33,36,210,156,73,131,64,16,115,193,0,32,0,0,0,0,0,0,0,0,64,32,140,17,224,196,17,64,36,140,238,120,71,16,57,58,62,199,136,60,0,34,128,0,16,176,131,157,247,238,237,117,152,63,0
32,93,2,0,0,152,60,176,250,214,237,77,131,96,255,158,4,32,1,32,0,6,48,0,0,0,0,18,231,140,62,128,236,127,23,228,203,14,114,216,191,179,219,119,228,207,31,63,68,7,96,136,78,116,209,227,163,243,255,239,15
65,233,11,4,0,32,231,36,146,148,207,135,195,119,238,183,1,96,0,8,0,0,240,128,3,0,4,0,0,255,240,42,185,74,4,129,159,173,196,147,5,38,3,253,143,62,0,30,128,7,254,225,15,127,254,253,255,255,121,255,62
97,93,11,36,0,153,240,118,219,222,173,1,239,97,255,223,17,96,4,136,0,0,64,128,17,35,0,16,199,8,254,187,57,102,198,76,204,108,230,155,17,17,153,127,68,31,0,72,207,239,249,0,254,252,227,197,199,227,255,255,31
1,12,12,4,0,16,32,34,81,140,72,3,68,16,50,225,25,96,2,0,0,0,112,128,1,0,0,0,14,17,32,130,144,32,52,134,103,8,64,12,25,26,222,67,136,55,0,98,128,8,16,0,113,24,32,192,192,96,158,51,32
39,13,255,55,129,29,248,62,192,254,141,7,3,96,252,159,255,255,255,135,0,28,252,239,131,3,0,0,224,204,254,84,23,69,164,136,170,91,127,17,255,3,252,213,139,245,7,12,0,0,64,1,6,32,192,224,239,247,253,239,15
176,246,103,2,205,143,60,193,125,3,118,128,230,249,255,231,223,25,0,96,128,239,60,66,0,0,58,255,67,136,127,98,136,8,248,255,127,135,128,239,204,221,1,32,247,10,8,26,207,239,255,254,255,255,160,65,64,243,253,223,56
64,189,0,64,16,50,193,102,211,156,73,131,195,113,254,15,0,130,128,48,16,19,1,8,32,68,68,32,156,51,160,155,241,231,132,140,201,72,198,25,51,50,186,239,136,124,0,30,128,135,241,28,255,248,227,199,199,227,249,255,3
193,226,11,4,0,0,154,201,20,33,126,134,67,245,238,55,1,96,0,8,0,0,112,1,5,10,0,4,0,240,135,37,114,141,44,145,0,241,72,34,70,70,34,72,255,48,128,30,160,7,246,225,15,123,252,249,251,255,123,255,55
33,13,79,4,0,153,176,116,154,212,205,131,227,121,255,223,31,113,0,8,0,0,112,196,17,3,2,18,205,137,124,149,25,64,250,223,200,124,102,153,51,35,159,231,76,30,0,156,64,151,232,159,14,112,209,167,163,211,253,239,31
53,246,100,2,205,159,60,129,125,7,254,223,239,16,242,67,12,17,2,228,136,142,126,255,0,1,34,254,255,142,63,102,136,155,126,255,247,15,0,134,76,255,135,0,253,30,33,71,200,9,57,16,240,255,255,255,231,1,190,23,0
8,141,156,12,0,32,33,32,16,165,91,147,203,115,252,255,33,98,8,0,0,0,144,8,34,204,236,2,152,187,32,0,16,32,4,220,192,157,110,186,117,119,187,111,136,254,127,254,0,31,224,1,14,64,224,197,199,227,249,255,63
1,28,108,4,128,17,0,160,112,132,72,3,4,0,114,195,31,96,7,136,0,8,112,128,1,2,0,28,128,0,0,0,144,8,84,133,221,136,192,59,5,54,2,111,136,60,32,64,8,8,1,16,240,56,3,198,4,0,184,119,0
180,242,1,144,229,207,159,209,63,0,167,220,67,48,255,7,4,24,3,246,244,79,127,122,128,0,19,255,127,252,31,35,228,253,191,127,17,0,0,195,254,135,1,54,102,131,161,99,250,15,21,0,240,255,254,245,255,43,126,17,32
33,29,78,4,128,153,48,228,186,214,205,15,6,1,184,244,29,113,5,168,0,10,112,68,0,2,0,28,197,8,60,18,153,68,158,204,137,12,164,159,51,35,155,231,76,222,163,241,8,12,128,0,128,64,26,63,62,2,71,136,60
1,29,220,0,18,50,33,32,247,189,75,27,124,0,32,225,127,3,0,0,17,16,129,8,55,110,68,0,136,17,96,16,24,0,242,221,223,237,238,187,103,3,131,239,205,30,18,224,158,148,2,41,0,128,39,79,0,36,128,153,48
3,50,108,52,136,23,0,193,167,0,3,254,5,0,0,3,216,65,119,232,14,236,240,191,29,2,0,124,6,0,1,50,242,223,220,155,189,9,128,55,103,6,2,204,153,244,253,111,136,8,1,16,240,191,34,68,204,0,24,115,0
176,22,2,0,238,5,26,201,63,33,126,108,165,128,95,72,0,0,0,48,6,255,30,0,0,56,184,223,3,0,15,34,166,187,87,247,247,143,152,238,221,255,3,56,247,0,17,65,68,200,72,8,112,183,153,34,0,252,167,4,11
3,172,140,68,128,34,33,32,52,165,90,255,14,2,48,32,56,0,14,200,17,28,241,155,39,2,0,0,8,51,32,30,240,143,244,128,31,25,64,0,3,2,34,237,221,252,227,229,120,17,15,241,128,7,127,254,252,28,134,0,33
195,177,156,65,16,102,195,47,224,165,91,191,5,0,32,131,8,228,159,1,0,61,99,145,103,128,128,100,144,51,193,255,31,75,101,169,214,250,223,2,5,244,2,222,138,245,255,239,249,1,16,34,17,9,36,254,253,100,8,51,0
0,190,140,0,16,51,1,160,246,149,75,159,0,2,48,193,61,7,0,96,48,22,243,29,0,0,228,96,156,51,33,0,179,237,36,152,255,27,76,48,127,102,50,207,153,244,99,4,0,0,33,16,130,144,127,190,140,0,16,34,33
24,29,0,24,94,0,97,183,250,198,237,13,4,0,51,33,4,128,155,112,31,255,29,0,0,76,124,32,8,17,184,246,185,125,166,194,255,221,103,128,127,11,135,225,204,30,1,64,0,72,16,0,240,204,33,64,64,48,206,25,48
8,13,16,72,30,32,1,98,87,188,72,143,64,16,51,1,2,128,138,240,55,255,3,128,34,0,220,32,24,51,32,0,240,115,124,142,96,56,199,28,57,122,126,65,136,244,2,2,128,0,16,1,3,136,97,194,192,124,152,51,32
3,24,168,116,144,35,193,235,53,0,90,7,0,0,32,39,29,198,159,249,51,14,113,152,33,0,64,96,24,179,224,127,211,19,124,130,1,8,128,4,1,106,54,193,157,188,0,32,0,0,0,28,240,159,7,4,4,0,0,51,32
183,242,236,247,169,223,154,197,46,0,135,140,67,144,238,199,223,127,247,239,236,8,124,127,137,51,3,252,119,204,223,119,167,93,49,35,187,146,1,2,254,142,0,128,43,225,169,94,128,9,52,0,176,254,250,213,247,235,127,243,33
64,253,129,76,18,34,167,82,73,250,224,157,3,81,254,55,8,130,138,248,245,21,161,136,163,65,68,32,126,253,56,5,104,115,106,64,2,244,127,0,0,185,255,35,68,143,47,254,255,7,240,0,63,248,224,193,239,227,253,255,39
8,30,128,64,30,50,65,161,240,133,88,143,0,0,51,1,6,162,207,48,16,255,19,8,0,64,100,48,158,19,32,130,144,160,20,151,253,9,128,191,93,126,42,75,152,252,21,102,132,0,0,8,240,31,97,222,0,96,26,51,32
55,226,237,199,144,239,7,128,97,0,176,0,0,118,238,247,255,127,231,15,112,0,113,127,240,225,243,255,255,255,8,2,128,0,120,38,101,0,128,12,24,252,109,0,112,1,32,0,8,8,191,112,249,255,255,255,255,3,0,176,48
128,247,228,80,158,3,33,233,182,5,91,255,229,56,119,65,92,2,147,224,22,238,113,15,0,72,72,124,9,17,240,239,159,219,124,219,183,9,128,54,101,254,3,204,141,188,127,255,223,231,121,158,247,60,96,192,196,96,252,63,0
24,14,16,8,126,0,97,177,96,6,236,199,64,152,59,33,14,130,235,112,29,255,15,0,0,0,252,42,14,17,112,231,152,32,250,239,65,4,2,142,157,191,139,98,224,223,144,2,132,128,16,74,81,10,41,242,66,124,95,17,32
31,6,255,219,247,78,15,128,96,7,122,2,0,122,252,222,255,127,251,103,255,246,191,255,236,136,253,239,48,247,11,0,0,137,48,177,147,155,24,0,236,254,3,220,187,32,0,160,91,2,67,183,188,165,150,12,109,131,160,77,30
1,226,45,4,128,14,79,137,100,1,114,188,203,114,224,143,9,96,3,8,0,0,240,251,0,0,144,236,19,242,225,175,6,136,120,21,83,145,10,34,84,212,34,90,241,224,229,63,120,7,163,240,190,127,222,253,255,3,209,238,55
8,14,16,88,94,0,33,145,104,6,236,197,96,152,63,97,110,131,219,112,27,255,27,0,0,0,124,34,140,17,48,2,160,58,86,69,117,14,128,223,21,189,139,34,228,159,148,167,231,33,16,223,95,30,32,242,64,120,254,19,32
3,128,252,4,128,0,0,128,32,0,0,2,0,122,240,218,255,103,3,72,0,0,240,128,0,0,0,0,10,17,0,0,0,0,56,25,19,16,0,0,126,124,0,140,1,56,0,0,0,0,0,147,1,0,50,124,124,0,140,17,32
160,118,2,0,128,1,24,136,109,35,50,132,193,176,255,15,0,0,0,64,0,6,48,128,0,0,0,220,2,0,15,10,162,250,83,127,247,39,136,254,64,252,99,56,119,0,0,2,128,2,112,172,127,255,253,195,193,253,185,127,8
10,162,181,64,54,34,3,128,100,5,114,82,56,30,17,224,239,39,144,1,16,247,131,153,102,204,252,101,24,51,0,34,130,168,16,21,119,129,136,46,92,220,3,10,241,8,210,161,255,179,31,255,15,5,29,126,41,28,128,0,8
190,2,255,251,255,204,158,212,158,112,143,128,225,122,255,203,255,255,255,119,239,255,191,119,128,164,191,131,247,206,95,87,69,68,185,123,136,66,20,81,254,163,116,148,15,65,14,143,67,241,248,223,15,148,80,160,224,249,255,47,3
55,94,255,51,239,137,188,240,24,192,239,95,35,10,209,248,253,63,127,231,239,254,254,255,16,1,190,86,197,138,119,5,75,65,120,255,130,16,109,0,252,255,255,237,15,216,127,249,95,6,8,191,60,4,16,32,44,151,229,12,63
1,142,125,0,128,1,112,0,224,7,127,3,8,126,0,199,255,97,63,0,0,4,240,135,5,0,0,12,0,0,31,0,160,74,80,9,255,15,128,246,33,252,19,252,15,124,126,159,3,240,251,255,15,0,0,0,128,241,253,255,11
1,6,124,4,128,0,32,0,224,7,201,3,12,2,16,224,255,127,23,0,0,2,112,1,0,0,0,12,0,0,0,0,160,1,48,0,255,15,0,0,0,252,23,129,143,127,7,194,1,120,25,1,0,0,0,64,116,48,158,17,32
39,198,255,231,129,255,127,131,96,0,176,204,67,176,255,135,159,255,247,239,240,2,120,126,0,2,3,255,255,255,254,255,159,16,16,2,113,0,0,190,252,253,15,0,64,202,255,191,0,16,0,195,3,0,112,244,255,123,254,3,0
37,22,108,3,128,29,24,129,253,7,252,15,0,0,51,224,223,125,2,64,0,4,112,247,16,0,32,220,167,0,95,70,5,0,248,255,187,27,21,0,238,238,86,128,43,161,129,96,224,0,0,0,128,15,63,254,124,56,14,0,32
24,142,19,24,118,0,55,145,232,7,228,245,123,127,49,32,2,128,24,112,7,119,8,128,14,12,252,7,0,208,62,32,160,111,7,65,255,143,32,130,150,151,3,126,228,207,254,191,255,247,255,255,15,0,0,0,32,252,221,11,32
65,224,13,4,0,98,67,4,130,48,3,16,90,87,136,247,1,96,0,0,0,0,0,0,97,194,64,96,24,247,0,0,224,134,0,0,12,97,136,33,0,0,32,152,51,32,224,0,184,148,191,249,139,79,127,255,126,14,2,144,48
0,14,6,0,2,0,48,128,248,71,237,1,4,128,171,245,30,128,1,176,0,15,16,0,0,2,0,4,0,0,56,0,160,249,54,223,255,13,32,166,125,127,131,40,221,90,0,0,0,0,0,1,9,72,33,67,66,190,207,153,56
203,2,122,253,15,16,136,221,30,48,31,124,1,2,80,8,124,65,127,251,255,254,240,183,23,46,12,0,128,0,139,53,231,255,175,25,154,209,30,51,246,65,32,190,19,192,255,169,83,18,0,239,4,0,0,40,57,157,132,4,11
165,79,111,55,193,141,124,63,232,247,239,1,128,225,255,254,223,249,119,206,192,4,104,228,153,1,2,159,231,204,191,0,191,251,7,8,255,15,124,254,253,255,243,253,15,158,1,120,64,6,64,0,20,116,144,241,255,251,255,207,31
0,13,0,0,18,176,33,18,203,222,164,133,193,48,238,15,0,0,128,240,17,31,105,136,33,66,64,32,126,221,56,8,136,6,254,206,239,108,160,141,1,1,253,99,204,223,0,6,0,1,32,4,99,152,97,192,192,104,126,243,1
190,198,247,131,127,255,159,223,239,115,7,196,64,184,255,193,254,63,227,103,252,255,63,254,208,1,255,255,255,239,95,191,31,168,249,255,209,131,26,122,246,246,40,126,49,224,131,7,32,16,60,193,3,30,255,255,243,255,127,48,32
37,15,127,2,65,153,124,44,240,183,75,3,32,104,221,216,255,241,71,4,0,4,40,196,17,1,34,30,197,136,63,0,145,192,20,153,255,15,68,246,253,255,51,237,143,60,0,1,65,240,104,255,30,4,16,32,32,216,247,14,15
165,246,237,247,193,255,254,191,224,2,160,220,195,112,255,135,29,127,231,239,248,4,124,255,241,1,130,255,255,239,191,36,224,255,39,0,247,159,7,0,252,255,3,6,0,165,4,231,255,39,48,134,63,126,32,224,247,251,255,63,0
11,140,188,72,18,32,65,32,240,189,73,19,232,127,240,207,111,230,154,0,1,21,161,136,102,68,236,0,136,51,64,0,16,0,0,136,255,251,86,16,161,182,82,223,138,53,0,128,143,247,243,255,95,16,65,134,129,64,248,255,3
32,14,0,0,38,64,26,16,217,222,236,129,64,176,239,7,0,128,3,240,192,15,44,128,0,0,0,172,97,252,62,68,204,19,127,238,39,54,49,196,136,185,223,145,238,7,0,2,132,128,48,111,123,24,97,194,64,252,27,179,32
31,190,252,227,255,255,67,2,224,123,0,92,173,42,240,202,255,127,255,199,121,252,255,255,255,231,229,241,254,119,64,4,1,1,176,25,223,87,12,0,246,96,48,190,1,64,122,140,30,251,251,63,231,177,231,134,133,1,176,255,11
0,236,1,0,144,38,3,2,193,254,128,207,69,144,119,3,0,0,0,16,16,79,1,8,32,66,64,232,126,113,0,64,32,53,161,38,239,95,19,4,154,136,252,1,34,167,129,103,224,9,60,192,2,30,250,252,253,249,190,34,1
193,162,76,4,128,55,192,223,135,16,3,156,9,2,240,15,16,96,6,200,0,8,240,189,1,2,0,80,188,7,193,191,95,201,248,189,146,241,12,18,100,100,16,254,1,240,240,12,0,128,71,120,198,179,223,159,29,1,0,228,15
33,237,15,0,128,153,48,16,232,239,254,217,239,99,252,223,1,32,0,0,0,0,112,132,1,0,0,16,197,8,116,140,10,32,242,221,223,61,42,136,80,85,171,110,212,218,55,253,72,31,233,145,142,116,211,167,167,195,244,239,7
128,2,3,12,0,0,143,203,29,32,114,128,66,123,255,55,7,192,3,121,225,3,16,0,0,128,220,195,121,255,135,119,238,189,11,17,0,193,24,99,254,199,32,56,247,0,8,16,130,252,255,183,45,200,32,1,110,35,201,223,60
72,248,128,64,48,246,3,18,203,250,160,192,251,127,255,31,0,34,128,3,112,1,7,56,226,212,245,225,126,119,64,208,0,52,128,6,109,102,179,205,154,25,252,3,112,195,122,30,158,199,243,125,239,249,239,207,11,70,65,255,53
33,13,63,2,64,136,116,52,232,215,237,13,6,0,251,181,8,224,7,4,0,14,112,192,1,0,0,0,75,217,252,68,29,0,2,64,255,126,119,212,169,171,223,161,238,159,5,97,65,8,8,0,16,4,16,244,255,251,255,0,60
96,205,15,4,0,170,117,54,240,222,237,195,98,123,255,160,3,226,195,12,0,0,0,0,32,64,116,50,207,153,248,148,57,97,6,68,218,252,119,136,63,51,155,103,196,95,39,159,192,191,249,147,15,0,242,255,231,243,255,175,53
8,246,7,0,54,98,7,0,224,127,165,192,231,121,255,103,2,0,0,16,16,55,7,128,32,64,252,229,24,119,0,0,0,0,176,255,255,31,5,0,254,175,85,132,15,3,192,66,248,14,223,224,205,255,255,255,127,191,9,209,24
0,118,7,0,2,0,3,0,224,39,118,140,199,33,254,207,14,32,3,0,0,7,48,0,0,0,0,0,40,247,200,164,2,136,32,21,247,191,42,34,84,252,35,126,241,136,151,254,165,47,240,0,95,120,224,211,195,255,127,255,1
7,194,255,135,1,238,255,61,160,115,15,252,239,113,254,207,255,126,191,7,64,0,244,251,237,195,195,239,121,255,223,127,31,0,160,27,186,209,109,49,238,35,48,140,15,216,239,255,243,55,120,195,15,0,16,240,255,255,255,15,1
101,249,204,231,241,255,183,118,91,248,128,131,213,241,239,207,19,190,132,151,240,9,79,248,241,195,3,248,255,255,120,217,29,2,248,254,4,96,255,253,1,56,253,129,0,95,0,0,0,216,255,20,231,255,255,129,204,227,184,255,3
103,9,238,39,129,159,240,239,50,0,75,3,129,96,252,223,223,255,247,205,8,0,112,221,17,34,0,252,221,11,244,255,31,0,152,137,0,128,0,27,55,6,2,254,136,124,44,24,0,96,193,22,252,117,130,5,15,131,224,207,31
160,246,5,1,126,68,10,137,228,39,50,12,4,128,127,195,14,44,0,0,0,255,47,128,0,0,184,255,181,102,79,170,6,128,112,127,247,143,136,110,212,252,35,26,115,192,209,103,240,0,4,224,192,63,255,254,123,252,2,0,0
8,6,2,8,54,0,3,128,237,7,244,4,0,98,252,126,36,0,1,112,1,127,151,0,0,4,220,1,0,240,8,0,132,9,123,253,83,15,16,66,244,255,67,126,255,135,0,32,0,2,0,0,172,240,194,1,167,195,245,239,31
152,22,6,0,126,68,15,200,127,43,50,68,1,56,247,72,14,8,0,112,101,255,63,0,0,0,252,195,54,102,11,128,2,168,249,255,115,131,26,106,222,221,41,26,241,192,210,33,0,0,0,233,0,133,255,251,41,252,129,0,1
56,70,23,139,127,204,31,192,31,97,55,64,253,107,221,218,238,31,0,48,255,247,31,96,128,253,255,131,115,254,31,0,192,252,255,255,1,1,0,255,255,67,228,56,255,8,0,133,111,251,237,223,102,182,219,162,161,217,254,38,7
10,254,128,80,190,39,1,173,246,5,11,191,143,67,224,63,0,2,128,65,48,62,243,249,96,192,192,100,24,255,32,14,179,207,244,153,255,15,4,16,32,102,50,221,15,52,124,222,159,255,251,63,255,249,3,6,4,0,160,255,30
112,237,217,254,89,251,165,96,27,248,200,131,68,144,255,67,191,159,199,252,253,143,11,8,32,64,96,120,255,27,48,129,240,119,78,206,0,48,231,156,57,59,255,71,128,62,0,101,224,9,40,128,130,190,254,244,253,123,190,34,1
116,9,120,254,207,153,188,208,27,216,237,129,196,144,255,67,255,219,199,254,255,143,13,64,1,3,2,190,239,205,62,1,224,118,223,238,0,32,247,221,1,185,223,49,102,15,8,130,231,253,188,207,59,156,32,64,224,252,255,19,32
181,70,119,3,239,205,62,137,237,7,118,80,175,107,221,218,255,61,1,6,192,254,254,119,128,1,191,223,245,238,95,38,15,8,112,125,255,143,16,98,244,253,3,254,119,65,26,25,64,250,233,157,110,228,211,35,33,145,245,79,31
181,70,127,3,237,205,62,153,236,39,63,68,34,73,217,248,221,121,87,6,192,174,124,247,148,1,43,223,225,204,127,102,15,128,48,123,255,143,24,242,252,253,35,188,55,64,150,27,97,248,220,203,29,102,16,114,51,187,239,0,62
3,28,252,116,156,51,160,229,50,132,73,7,0,0,238,55,223,194,247,248,63,47,113,137,33,0,0,124,8,17,32,10,145,66,252,223,133,8,196,20,33,106,54,197,13,188,0,32,0,0,0,0,240,121,99,199,195,98,121,255,52
63,2,252,247,253,95,24,128,228,33,18,2,0,32,102,203,255,127,255,239,254,238,255,255,253,163,128,252,149,46,39,0,0,129,176,19,123,19,8,32,222,76,32,8,49,160,70,232,159,19,64,63,7,0,128,78,9,133,160,127,10
11,8,252,125,158,51,1,0,64,156,64,3,4,0,238,199,255,191,255,243,63,255,119,136,33,66,64,96,26,51,0,65,192,87,252,138,32,0,129,4,8,40,254,129,136,62,0,96,0,8,0,0,208,88,67,198,134,64,88,251,37
63,6,254,211,254,15,7,129,100,3,114,12,0,0,242,225,255,191,255,103,246,255,255,127,0,8,216,255,1,240,103,162,128,0,112,87,119,15,0,42,84,221,3,42,240,72,1,67,0,8,24,0,176,62,48,100,253,179,254,21,8
33,22,38,0,132,0,24,129,224,7,246,156,2,0,170,229,12,32,2,64,0,110,112,131,0,0,24,12,0,64,30,0,160,187,55,0,255,31,0,0,220,223,3,0,250,229,47,23,0,8,0,0,48,8,32,64,244,115,255,155,48
10,13,244,123,127,178,165,102,27,220,201,3,193,48,255,203,255,191,207,245,185,255,31,8,32,70,70,32,254,155,112,215,25,0,248,222,200,92,102,153,59,3,191,103,204,126,26,132,6,249,121,159,103,144,97,130,128,240,254,55,1
65,13,8,4,128,1,160,225,18,132,205,143,2,0,170,37,1,64,4,248,0,0,112,0,1,2,0,12,0,0,176,111,251,223,6,64,5,12,160,182,1,109,183,225,205,222,13,66,3,104,16,0,176,204,0,0,116,50,207,153,48
15,28,252,255,158,17,128,192,19,128,72,3,0,144,51,225,255,223,255,251,255,255,115,135,25,0,0,124,6,0,0,5,192,105,124,175,0,144,70,0,60,190,2,71,136,55,12,194,135,248,16,14,113,136,32,64,64,100,9,255,48
32,94,6,0,128,1,56,144,251,70,165,65,32,8,145,248,4,0,0,0,0,6,48,0,0,0,16,28,6,0,62,0,136,49,250,239,251,14,32,132,190,31,143,32,196,31,16,32,12,132,129,216,252,231,155,55,3,0,230,140,63
33,237,11,4,0,17,48,48,251,222,237,213,129,122,247,202,1,96,0,8,0,0,48,0,0,0,0,16,206,9,188,130,168,109,6,68,223,12,34,136,54,55,155,119,68,223,50,15,0,0,96,157,207,188,243,231,231,209,254,111,11
7,205,95,11,99,216,62,28,174,119,15,252,31,2,0,248,113,120,28,6,195,48,252,245,199,15,15,3,224,238,255,52,15,197,163,120,223,223,60,81,230,35,240,254,15,193,255,255,127,254,143,255,8,2,28,62,58,28,2,0,62
160,70,7,0,128,0,56,152,254,103,127,0,32,105,221,248,4,32,0,0,0,2,48,0,0,0,0,28,1,0,63,0,132,217,183,255,255,15,16,64,254,255,119,144,47,33,0,64,96,142,204,192,248,119,153,191,51,159,231,0,63
33,30,108,0,136,25,56,129,252,7,254,3,0,8,255,240,93,33,1,0,0,14,112,7,0,0,0,28,133,0,62,34,128,72,182,239,251,14,0,150,255,191,3,228,12,31,24,0,6,192,0,30,241,252,35,2,0,0,254,255,32
64,253,1,0,90,176,101,62,209,255,200,199,225,58,247,10,0,128,8,16,1,159,11,0,34,68,228,2,254,187,240,191,27,32,110,220,198,61,238,184,17,119,187,127,192,254,146,175,228,131,40,251,71,54,255,254,129,248,190,34,3
112,173,1,120,95,144,176,246,27,216,236,129,240,188,63,1,2,128,1,248,221,223,9,0,0,118,114,58,239,137,60,211,253,119,159,238,0,64,247,221,187,27,255,1,204,63,0,3,230,249,127,255,103,158,125,240,240,124,158,19,0
0,0,62,8,2,0,0,80,8,66,228,1,4,0,238,247,63,160,15,240,0,31,0,0,0,0,0,0,10,81,72,1,64,0,248,239,0,0,0,198,158,159,69,0,230,7,0,0,0,0,0,3,0,0,0,64,66,234,127,251,52
0,0,62,8,6,0,64,16,0,66,228,1,4,0,238,255,255,162,15,112,0,31,17,0,0,0,0,0,8,81,72,1,64,0,184,65,0,192,32,131,134,5,1,48,230,15,0,0,0,56,0,1,0,0,0,0,0,104,127,251,37
0,50,0,0,128,0,128,203,13,0,50,156,1,0,230,15,0,0,0,64,0,6,112,128,0,0,0,4,0,112,1,47,194,187,123,127,0,0,0,34,68,252,1,58,119,192,65,10,0,0,0,0,224,249,239,73,205,167,32,255,10
160,246,3,0,128,1,56,200,255,39,95,234,247,153,63,97,0,0,0,0,0,2,16,0,0,2,0,220,7,0,63,34,134,152,241,255,255,143,24,255,255,239,35,152,255,96,153,95,198,253,254,4,107,254,253,193,224,254,255,191,32
229,137,232,254,129,159,240,63,160,132,79,135,131,112,255,143,95,255,255,255,218,0,112,192,1,2,0,252,197,143,252,255,255,255,7,0,144,172,228,155,37,39,19,254,12,254,61,30,0,102,225,30,255,121,130,133,135,131,249,255,31
97,237,79,38,0,249,240,126,203,250,129,128,199,113,255,207,17,113,68,136,0,0,64,196,17,35,2,240,255,15,247,153,123,230,6,84,76,101,238,185,83,81,253,111,80,26,1,94,128,31,248,0,15,248,253,251,251,255,253,255,8
33,140,108,0,128,25,48,128,242,151,73,159,69,0,246,199,29,32,6,192,0,12,240,199,1,0,0,28,199,8,52,0,128,65,252,255,255,30,68,0,62,35,158,231,8,255,0,4,0,0,32,8,199,60,243,246,195,225,254,119,1
33,174,108,0,128,17,32,0,241,157,64,11,197,0,230,207,29,97,6,0,0,12,112,135,1,0,0,60,134,0,32,4,0,1,112,255,255,31,69,0,40,254,151,129,143,254,32,14,0,0,64,16,135,248,255,205,239,163,248,255,10
0,140,31,0,2,32,1,0,0,132,248,3,0,48,255,199,47,130,3,112,0,7,1,0,0,0,76,32,136,51,192,128,0,32,0,4,65,12,66,137,119,19,187,127,192,62,0,0,0,8,32,0,128,54,250,255,255,67,254,34,7
0,206,3,0,0,0,1,128,249,206,224,1,0,208,255,55,2,160,0,16,0,3,0,0,0,0,68,0,10,113,8,64,192,17,62,230,35,12,1,4,184,251,255,1,238,31,0,0,0,0,0,0,128,255,255,253,255,255,71,128,53
192,240,0,64,48,255,7,34,209,255,192,3,22,197,136,55,0,2,128,0,48,0,7,184,235,215,195,235,123,255,0,72,16,150,197,178,46,123,255,101,9,138,254,129,187,245,97,112,24,12,131,48,232,255,255,223,95,7,65,253,62
240,15,187,94,193,136,247,241,24,194,252,65,242,255,191,244,239,250,187,62,128,1,8,64,0,89,254,175,65,249,252,115,120,8,2,65,16,132,97,255,255,15,131,96,254,31,14,211,255,254,255,255,57,204,0,0,124,62,205,9,60
128,239,1,112,188,63,1,175,247,133,72,3,64,240,239,7,14,134,199,241,60,239,3,8,32,64,192,252,159,51,160,239,243,251,124,159,246,184,71,20,57,126,30,193,136,116,0,0,0,0,48,240,239,255,255,255,255,231,249,255,1
33,160,109,4,128,29,88,0,96,45,112,2,220,115,236,255,223,125,6,8,0,0,112,150,89,2,0,220,151,0,103,8,0,2,80,0,247,39,128,54,0,252,55,128,23,0,0,224,152,7,0,0,128,120,230,205,255,67,249,255,53
37,173,221,39,1,255,252,21,160,82,135,0,192,120,255,203,63,255,199,143,0,0,64,100,145,35,3,240,253,143,255,187,31,0,80,109,221,135,150,251,181,181,25,126,0,3,0,0,0,129,253,216,207,127,255,255,247,235,126,118,3
0,236,1,0,0,32,1,2,217,254,224,3,250,127,221,126,0,0,0,0,0,0,0,0,34,68,84,0,10,49,32,2,128,32,126,212,65,12,0,168,81,255,191,107,208,62,0,0,0,0,226,188,239,253,255,237,239,231,225,255,63
8,253,131,64,50,246,3,6,203,251,128,12,7,0,254,63,0,134,128,17,113,159,7,24,227,198,197,225,254,127,0,152,1,102,241,124,207,119,190,121,48,48,248,62,0,193,225,120,48,14,2,0,128,255,255,255,255,143,1,252,63
128,247,3,0,0,0,71,185,252,231,254,253,255,255,255,120,0,0,0,0,0,0,16,0,0,0,92,0,0,240,136,68,63,245,7,0,255,95,127,4,254,235,255,129,239,199,255,159,255,247,255,255,255,126,243,247,227,243,255,175,55
74,9,144,88,62,32,195,54,64,252,192,3,12,0,64,10,42,134,187,241,55,255,3,128,98,196,220,0,24,51,192,221,29,2,72,174,36,112,247,220,1,184,255,1,0,55,34,224,111,49,1,27,0,0,2,6,4,0,54,34,7
72,13,144,120,30,50,225,102,195,248,129,3,129,112,254,31,62,130,143,253,251,191,143,8,34,68,68,32,220,191,160,191,251,239,126,220,64,16,38,152,112,113,187,127,0,90,0,8,0,130,96,159,111,176,193,130,129,225,252,255,11
97,224,15,4,0,0,176,64,18,216,141,3,252,255,239,255,19,96,0,8,0,0,0,0,1,2,0,12,2,0,124,81,0,4,152,251,8,192,213,247,239,3,20,129,143,55,10,192,255,255,255,255,47,128,0,0,236,243,253,143,55
101,128,124,23,128,1,184,192,4,32,82,2,56,126,17,200,255,125,103,72,8,0,112,135,25,0,48,92,134,0,7,1,96,17,8,2,0,144,77,4,108,238,55,128,15,176,4,32,67,0,0,183,63,4,0,0,252,19,188,15,3
193,0,248,255,129,239,199,47,0,128,88,135,3,240,255,167,31,254,255,255,240,0,112,128,0,0,0,252,127,255,193,255,247,255,5,0,0,0,0,6,223,14,6,65,185,244,7,54,0,0,0,3,11,24,96,193,195,255,255,255,33
1,160,140,5,128,255,199,31,32,1,23,140,195,113,238,135,25,108,135,143,64,0,112,248,225,2,1,228,121,255,203,255,191,5,48,0,27,5,0,0,70,1,0,184,119,200,31,30,128,7,240,3,15,120,224,195,195,227,121,255,10
224,243,0,0,176,255,131,198,223,120,0,136,199,241,238,63,0,0,0,0,0,15,79,8,225,195,3,252,255,255,0,248,3,254,208,255,253,239,191,255,3,0,4,128,0,8,121,94,158,207,243,12,239,249,231,195,195,231,121,255,63
176,86,3,144,231,204,190,217,31,33,126,68,2,254,191,48,0,128,1,254,239,103,14,96,128,1,191,223,97,238,63,103,222,185,255,255,0,128,121,230,221,255,35,24,255,192,208,57,116,0,0,255,255,231,159,63,3,156,135,0,62
160,63,0,0,140,19,32,167,251,135,201,207,101,144,119,1,0,0,0,112,8,199,1,4,16,32,112,252,207,0,48,224,153,120,246,239,255,142,103,158,61,63,7,65,200,191,145,103,228,9,48,0,65,30,253,250,241,252,62,51,0
32,255,1,0,128,63,1,135,227,4,1,207,229,176,255,67,0,0,0,0,0,131,17,8,32,96,224,252,255,19,0,226,129,120,16,143,251,9,7,30,127,62,30,2,0,252,1,111,192,11,120,0,214,126,251,255,247,243,254,127,3
32,253,3,0,200,153,60,50,249,222,228,205,199,144,255,3,0,0,0,16,0,207,8,0,0,1,2,154,239,136,62,200,28,50,103,230,239,62,243,204,153,155,255,1,230,207,129,103,224,9,60,0,1,222,253,251,251,255,223,17,32
96,237,1,0,0,187,116,54,219,254,224,203,229,48,255,11,0,0,0,0,0,9,0,0,33,67,2,48,255,153,56,152,25,102,198,204,237,108,230,157,17,51,255,103,192,158,129,103,224,9,60,192,3,30,251,255,243,250,127,50,33
72,233,147,72,18,242,199,76,134,48,15,144,207,115,238,63,34,134,136,25,113,17,131,24,227,199,199,97,248,255,193,25,67,198,200,24,140,224,140,251,1,0,48,254,15,0,194,220,184,31,247,113,14,115,254,255,255,207,99,240,63
64,237,3,4,0,240,229,48,8,218,237,129,195,113,254,31,1,224,132,24,16,0,0,8,33,70,64,32,120,255,184,128,233,103,6,76,196,44,230,153,49,51,187,127,68,222,0,62,128,7,240,0,15,248,226,197,199,227,253,255,15
192,224,3,0,0,96,3,204,134,49,15,130,203,115,238,127,0,0,0,24,0,0,0,0,3,14,4,0,0,119,1,24,231,206,217,57,156,227,156,115,96,96,112,220,15,224,194,176,48,20,134,97,8,67,46,223,223,14,67,248,52
64,173,1,4,0,50,193,100,146,188,73,131,197,48,254,15,0,0,0,8,0,0,0,0,35,70,68,32,152,63,160,153,113,102,204,140,204,104,206,57,33,34,58,255,136,60,96,74,152,11,115,48,135,57,255,255,239,135,128,255,10
33,253,13,6,128,191,52,148,186,86,173,221,71,81,255,231,17,112,0,8,0,0,112,236,49,99,2,182,237,141,60,130,169,103,246,204,239,12,160,153,50,49,253,231,68,223,241,127,248,6,95,240,205,127,255,255,255,3,42,85,26
32,253,3,0,128,141,62,181,250,70,173,133,195,241,255,127,0,0,0,0,0,0,48,192,0,0,0,255,233,255,62,102,253,89,55,235,179,14,52,212,172,191,215,181,78,207,1,122,128,14,208,0,253,255,182,109,239,179,237,223,30
33,29,14,0,128,153,52,183,251,70,173,141,199,113,255,199,25,32,0,0,0,4,112,196,1,1,0,252,229,140,62,162,249,111,54,205,223,140,38,154,53,55,139,102,68,95,16,26,132,134,208,8,125,236,177,67,67,247,253,223,24
129,242,13,4,128,111,15,169,52,37,90,174,70,209,170,231,1,96,0,0,0,0,112,56,65,130,128,252,57,247,3,98,178,158,212,147,61,137,136,39,77,78,34,72,187,240,225,115,248,4,159,240,249,127,254,255,255,47,0,144,48
32,63,0,32,140,27,160,247,251,4,192,207,68,144,63,1,0,0,0,248,28,207,17,4,16,34,32,252,239,1,56,243,201,124,254,255,32,4,163,159,63,31,141,0,68,222,129,103,224,9,48,0,240,31,125,254,240,124,30,51,32
225,242,1,0,128,255,139,74,69,41,48,136,199,241,238,31,0,0,0,129,96,8,71,184,225,194,129,252,255,255,3,251,198,190,217,63,36,33,139,255,64,88,44,8,49,64,120,30,158,207,243,60,239,251,239,201,207,231,105,255,62
252,57,128,239,121,255,199,62,65,248,112,10,199,225,238,63,18,254,239,255,253,159,15,248,225,195,195,243,255,255,128,251,255,255,71,0,4,224,255,255,1,248,254,3,176,117,1,0,0,8,2,0,224,249,255,201,203,231,1,255,63
112,205,11,94,193,170,181,213,26,66,173,1,96,126,255,32,7,218,129,126,216,0,16,72,0,65,127,191,237,221,188,16,232,125,135,64,9,68,32,159,255,3,129,229,204,31,0,0,64,120,253,214,191,254,250,245,255,19,254,0,39
180,87,55,26,255,136,254,251,61,2,254,68,0,220,191,96,206,153,51,118,206,255,31,64,0,1,58,159,65,204,254,239,223,8,122,255,16,128,160,226,197,255,3,120,255,143,0,33,96,0,0,255,93,111,189,127,123,188,143,0,56
3,12,254,22,132,2,37,224,25,132,232,3,12,67,136,254,255,83,17,232,23,34,240,75,0,90,88,44,0,145,48,0,80,8,126,215,0,140,224,138,21,95,131,107,220,62,0,0,8,12,129,16,184,229,2,5,62,3,196,140,62
33,230,143,3,128,239,31,128,125,7,112,255,203,115,234,247,29,30,0,0,0,0,240,255,224,0,193,251,127,255,10,68,4,49,37,166,99,26,83,0,152,158,207,17,250,231,239,255,120,21,175,241,10,199,254,253,255,31,3,0,55
24,253,133,66,126,250,39,64,31,252,72,247,169,126,117,72,36,22,128,32,185,255,191,126,98,229,254,35,254,187,48,0,192,225,254,255,64,24,102,8,115,115,191,111,128,254,250,63,108,129,0,253,207,151,255,255,3,0,150,34,1
229,185,248,254,25,179,224,62,65,255,112,139,199,177,255,15,191,215,239,255,253,205,75,128,123,99,0,120,255,17,160,184,235,255,70,4,220,229,238,191,17,84,169,110,80,24,1,254,135,255,240,0,127,248,224,193,195,227,249,255,15
8,237,131,64,80,254,39,224,247,189,75,131,227,121,255,79,2,6,128,121,176,3,11,24,96,193,194,114,223,187,32,138,209,234,92,191,213,41,198,127,33,254,58,207,136,116,224,31,248,7,255,241,143,127,254,253,255,23,132,0,55
62,230,133,195,241,238,103,0,224,7,112,67,32,254,255,240,239,63,130,7,240,7,63,248,224,193,255,251,127,255,112,230,31,0,48,255,255,15,0,2,252,255,3,74,144,56,224,1,120,8,15,240,192,255,255,255,255,19,132,0,55
64,237,1,12,67,168,53,96,215,188,73,195,227,249,255,71,2,144,0,88,128,1,8,128,0,1,70,34,255,187,180,10,249,250,70,200,213,45,228,191,33,127,179,239,13,62,10,151,195,253,254,143,47,220,112,225,224,254,255,63,32
37,230,173,3,240,239,31,192,77,74,240,128,224,253,255,225,159,63,0,6,0,79,127,120,192,193,195,255,127,255,63,0,128,17,112,246,103,15,1,4,152,253,255,1,242,3,128,1,248,129,255,249,207,127,255,255,255,27,158,0,1
254,121,224,255,255,255,199,255,31,248,7,244,171,126,209,24,0,159,249,127,255,243,159,127,254,253,255,243,255,127,136,245,127,253,175,125,0,208,127,8,254,19,184,126,0,136,255,255,255,247,255,255,255,2,1,2,0,0,22,32,7
97,253,13,2,0,251,52,100,151,188,11,255,255,127,116,202,1,113,0,0,0,0,208,92,115,255,38,18,221,139,52,180,91,237,174,221,218,221,110,27,247,3,24,127,0,254,251,159,248,155,127,241,135,159,255,255,255,117,156,51,1
37,253,77,2,192,221,60,147,105,74,228,205,195,249,255,207,17,121,68,6,128,0,120,228,145,35,3,250,255,140,127,171,140,42,219,101,85,6,146,219,145,148,73,118,226,7,224,111,248,7,127,240,231,255,255,255,255,239,26,113,0
96,253,3,6,193,223,254,116,154,222,141,193,227,121,255,31,1,80,0,30,192,0,8,224,128,1,3,255,255,223,190,80,237,119,135,104,234,94,119,213,186,163,220,181,6,7,40,89,255,239,255,150,255,255,178,1,229,147,252,79,30
39,60,252,2,221,171,53,64,219,222,236,253,3,82,240,247,253,63,139,68,144,254,249,255,32,1,70,34,79,153,60,0,8,81,122,218,162,20,101,144,40,123,191,165,77,222,127,63,4,0,0,189,79,128,247,239,3,0,248,255,62
1,160,4,0,0,238,39,104,20,173,90,143,70,81,238,247,0,0,0,0,0,0,32,128,1,0,0,224,121,255,117,116,18,133,188,147,59,217,73,33,79,66,38,201,255,252,65,54,128,4,144,32,139,217,111,221,222,102,73,187,52
225,87,11,4,129,157,124,189,234,87,143,200,247,177,255,143,0,112,0,4,0,0,72,196,145,35,35,254,229,142,63,40,37,222,71,235,254,255,255,255,161,236,83,148,15,7,5,108,205,47,232,2,246,124,192,230,167,211,255,239,15
33,77,79,6,129,153,60,181,186,70,173,1,193,112,255,207,29,113,71,204,128,0,120,196,17,1,2,190,237,141,62,130,141,112,51,238,231,14,32,220,185,187,223,55,100,15,0,8,0,2,201,152,252,125,147,39,39,131,252,207,30
245,243,73,167,233,223,218,159,174,115,135,252,253,188,103,3,16,105,69,135,200,138,126,118,209,179,35,221,247,78,223,247,239,125,131,32,251,70,22,95,254,129,92,150,34,67,249,31,252,203,255,248,247,255,255,255,253,76,18,48,1
1,253,15,6,0,238,183,80,8,210,173,61,14,65,136,245,1,16,0,8,128,0,120,104,161,67,67,162,121,255,60,21,72,5,250,64,10,84,32,128,2,1,145,229,204,30,225,113,120,12,143,240,248,127,254,253,255,11,2,0,62
53,79,255,3,223,187,52,0,250,222,237,73,237,40,247,200,255,63,0,4,128,255,253,236,177,99,35,179,239,141,62,0,0,81,99,238,230,126,127,0,184,249,255,165,6,207,179,229,108,145,45,217,2,16,91,247,179,88,126,34,37
181,119,70,0,104,221,120,159,239,99,182,252,231,0,255,11,0,1,64,0,8,206,124,230,145,35,33,217,247,12,95,180,14,45,227,125,255,247,63,74,214,149,9,62,112,195,145,110,132,139,112,0,66,58,249,242,131,253,127,119,3
229,242,79,167,40,253,218,159,101,35,50,232,245,177,111,131,16,45,68,131,64,136,86,116,209,179,3,252,255,78,207,255,31,162,217,119,125,39,154,239,81,220,104,26,240,128,255,255,255,255,255,67,18,18,72,146,145,236,115,242,7
244,15,112,191,111,145,248,114,89,218,228,65,32,126,17,8,175,249,123,126,205,215,12,4,24,52,63,155,231,0,222,167,125,40,13,36,64,130,82,218,253,255,75,127,162,39,24,128,102,240,255,255,111,134,127,2,0,28,6,0,0
8,254,135,66,127,170,39,192,31,176,75,75,38,73,249,116,46,22,0,112,177,183,139,72,98,197,238,34,217,191,48,0,192,193,254,251,130,16,4,16,110,111,183,237,15,62,65,97,120,14,15,32,128,231,255,255,63,31,128,0,63
3,12,252,2,26,48,32,32,242,156,73,3,168,122,240,202,255,55,74,64,1,159,169,132,50,1,100,2,204,11,116,2,21,0,124,173,195,10,84,80,181,182,90,215,138,53,18,132,14,211,97,191,79,128,195,134,0,64,176,111,3
67,136,159,12,0,32,199,29,0,33,31,20,3,98,224,191,125,230,159,13,1,16,240,89,2,6,4,0,0,255,225,191,47,131,2,0,6,181,62,160,64,245,161,254,85,202,134,164,32,17,32,195,3,0,72,254,255,251,126,34,1
0,118,7,1,246,76,31,192,191,1,31,158,135,32,254,95,12,12,1,96,98,46,118,51,0,128,136,237,49,246,7,0,128,137,250,255,19,5,0,162,246,247,3,254,85,216,239,127,248,7,0,128,160,255,254,253,255,255,181,6,11
245,141,219,110,75,241,240,63,200,250,165,128,245,241,255,135,18,249,255,151,72,137,76,0,187,119,3,144,239,13,222,255,63,2,66,64,222,245,255,187,0,113,185,110,68,90,150,14,128,249,252,207,79,56,225,210,193,253,127,247,0
129,191,68,0,136,59,96,46,247,191,80,199,193,56,247,195,31,5,0,0,0,128,32,132,16,32,160,120,222,3,225,252,27,169,36,157,255,255,127,0,124,127,3,110,144,188,64,110,148,3,80,40,71,185,247,239,203,245,185,127,8
67,185,252,245,128,55,65,38,194,254,129,191,207,113,238,247,185,79,142,200,49,8,225,190,255,66,0,32,190,51,128,4,97,255,39,0,238,249,127,0,32,40,126,133,9,180,119,254,157,31,224,1,14,112,224,223,199,227,121,255,31
128,242,3,4,128,238,135,201,31,33,27,130,199,113,238,63,4,0,1,184,0,2,16,0,0,66,0,224,123,255,0,85,66,149,184,18,42,81,9,32,254,67,36,136,255,120,8,30,130,239,240,4,127,248,224,193,195,227,121,255,63
0,253,1,0,18,242,33,36,243,189,73,11,6,1,250,55,0,128,0,16,17,27,1,0,35,70,68,32,252,63,32,152,17,102,212,140,223,111,198,59,49,50,58,127,136,52,97,112,152,12,147,0,136,73,255,255,79,7,193,255,60
224,17,2,52,137,29,184,213,171,82,165,141,0,128,63,1,16,192,71,250,222,143,68,0,1,2,0,252,239,13,158,123,237,127,7,34,188,230,181,215,174,173,213,144,38,199,129,7,0,0,0,0,82,62,249,242,241,253,63,51,1
64,9,16,12,2,16,192,193,32,0,1,34,16,132,0,37,64,224,20,152,2,33,0,1,5,14,8,4,128,0,128,169,96,46,64,5,84,224,130,219,17,20,8,126,0,7,0,160,4,128,0,9,64,0,33,90,0,44,11,241,56
161,31,92,4,0,80,88,46,215,253,90,134,193,48,255,3,27,192,70,216,8,5,0,128,17,0,0,16,182,2,199,255,31,0,104,188,198,251,94,112,241,246,122,223,139,180,0,238,128,7,16,1,7,56,224,193,235,255,249,255,0
160,23,2,0,0,254,127,63,253,255,254,132,195,241,255,39,6,192,7,254,192,7,0,0,0,0,0,243,255,255,159,238,191,251,7,48,247,47,223,124,249,254,127,157,59,224,1,62,128,3,112,0,79,120,225,195,195,255,255,255,0
161,7,124,3,204,153,120,59,245,175,120,3,0,192,139,244,223,253,103,244,4,207,8,128,9,2,0,220,119,128,247,255,31,0,117,167,255,171,211,78,149,254,66,83,186,37,0,0,0,0,128,64,74,219,125,251,218,254,91,186,53
225,83,2,36,128,157,120,183,248,6,236,15,2,128,191,53,16,224,101,128,0,8,64,6,25,50,0,252,247,0,191,250,244,63,7,167,127,238,211,79,157,158,78,81,234,231,161,20,0,8,132,64,248,127,75,255,150,10,95,160,53
96,61,0,4,128,187,160,118,91,222,232,199,98,253,255,37,1,96,64,8,0,0,0,12,49,98,96,252,255,5,152,213,120,181,134,198,104,124,107,141,91,19,188,67,208,254,16,18,128,0,144,24,249,255,127,71,66,34,73,153,48
96,73,3,4,0,80,136,84,138,82,165,141,199,177,239,7,6,128,5,184,0,11,16,0,0,2,0,176,172,85,152,74,237,127,3,0,165,38,181,221,168,169,221,176,102,75,133,94,128,63,244,0,19,122,232,209,211,255,127,255,0
96,237,11,4,0,249,60,84,154,246,143,129,195,113,255,143,1,224,0,12,0,0,0,64,129,3,3,146,253,207,63,136,173,110,199,108,221,238,182,219,177,177,217,254,2,7,128,14,224,3,252,192,79,127,255,255,251,255,127,112,11
72,233,153,76,18,34,135,104,20,164,91,67,161,126,247,10,47,230,139,121,49,3,0,0,0,196,236,98,152,187,225,71,115,144,12,146,32,9,77,52,235,106,126,201,155,52,44,141,123,251,255,247,182,181,210,160,252,81,180,6,3
39,134,255,199,241,239,15,0,96,3,176,128,229,121,255,199,223,255,247,71,240,14,127,254,225,193,195,255,255,255,55,0,160,42,16,0,247,15,128,14,4,252,3,2,112,139,239,255,255,127,255,147,1,0,0,100,252,19,190,7,0
160,119,0,0,0,221,190,254,159,255,31,140,199,241,255,39,0,128,1,240,0,15,24,0,0,0,0,240,255,255,63,213,207,247,251,255,192,87,63,252,250,249,253,191,119,200,1,126,128,15,240,0,91,120,225,195,195,255,255,255,32
72,237,135,64,114,254,135,70,79,248,0,148,203,123,254,31,0,2,128,16,241,17,15,24,226,197,231,99,253,255,96,129,81,96,248,253,64,96,254,249,241,242,251,127,0,244,224,63,248,7,206,241,143,255,255,255,255,223,1,68,31
39,178,252,7,128,95,26,137,164,1,19,252,203,115,238,199,253,127,7,79,0,4,240,255,193,1,0,252,115,238,207,255,31,0,48,58,163,19,25,0,234,232,252,136,55,192,255,255,159,247,176,15,11,0,96,193,194,230,121,255,52
39,136,253,247,193,255,63,193,97,0,160,221,203,115,246,199,255,95,198,239,248,0,252,255,241,195,195,255,255,255,158,6,160,81,48,0,163,16,0,0,56,252,31,132,0,31,46,197,251,255,255,215,191,4,0,4,252,3,254,3,1
64,253,3,0,18,162,229,102,81,252,72,143,199,113,254,31,8,128,130,112,16,31,43,136,32,0,196,32,252,255,96,135,216,33,254,213,64,16,98,136,17,83,171,127,208,254,33,127,128,15,240,0,142,252,242,229,231,243,253,255,15
64,224,1,4,0,98,3,201,36,33,18,0,0,144,34,33,0,96,0,0,0,0,0,0,33,66,64,228,24,119,0,48,234,142,194,81,28,229,168,167,70,69,32,40,85,24,224,1,120,8,15,240,128,63,255,255,255,31,2,0,0
88,237,3,236,123,242,135,230,31,248,9,199,163,122,255,10,0,130,136,249,255,147,3,8,114,230,231,35,254,63,0,145,241,237,191,189,0,64,94,121,247,3,120,127,128,116,224,31,120,147,255,253,207,255,255,255,255,223,128,68,15
33,253,13,4,128,255,33,229,178,148,137,131,195,113,255,207,29,98,4,8,0,0,112,8,33,66,0,240,253,191,48,66,241,85,188,138,171,8,69,21,43,42,190,197,12,254,49,62,136,7,241,16,255,124,227,231,199,195,253,255,15
65,0,12,4,0,114,67,12,134,57,3,128,193,48,238,199,3,224,0,8,0,0,0,128,0,0,0,224,120,255,0,0,99,197,0,24,136,113,12,49,98,96,48,158,3,0,14,146,135,244,144,15,9,72,32,65,66,166,105,255,56
97,253,9,4,0,251,240,116,154,214,141,11,12,0,240,136,1,96,0,8,0,0,64,0,49,99,2,48,237,15,252,185,57,110,198,204,220,252,230,155,51,51,155,255,0,159,225,101,120,9,47,240,194,95,255,255,191,8,2,32,33
96,125,3,32,73,185,244,118,219,222,164,77,167,97,255,30,0,0,0,148,136,137,72,68,51,103,34,50,255,141,252,153,89,102,206,204,204,108,230,185,17,49,185,111,64,158,17,121,204,142,200,8,196,236,255,255,3,177,255,77,30
0,173,1,0,18,162,101,38,211,188,73,131,195,113,254,31,0,128,8,16,17,23,1,0,34,68,196,2,216,187,176,16,49,68,132,136,223,73,68,17,99,34,58,255,137,60,0,158,128,151,241,159,15,248,243,199,195,227,253,255,7
218,226,131,221,119,238,135,219,29,32,114,68,34,126,255,56,0,196,185,127,255,19,159,120,224,221,255,227,123,255,129,135,230,189,15,0,0,0,2,8,222,215,233,58,240,64,232,17,64,64,255,252,255,255,255,61,252,19,132,0,63
224,83,3,4,1,221,190,211,11,74,164,136,199,177,255,7,0,0,0,248,192,1,0,128,129,3,3,249,255,206,31,235,205,122,91,111,4,162,183,223,128,188,65,150,34,7,9,207,194,95,248,128,39,188,240,225,241,255,255,63,0
26,246,3,217,255,238,143,193,29,0,118,228,3,254,31,56,0,14,130,127,255,247,191,253,226,193,255,227,249,255,1,135,212,187,127,255,0,0,0,0,216,255,239,123,242,229,240,33,120,0,8,255,255,255,255,255,63,28,134,0,62
3,238,191,3,80,238,39,128,32,2,191,20,139,127,232,255,255,126,128,4,16,0,177,249,96,65,222,227,121,255,48,2,128,0,48,64,19,5,0,128,68,253,131,168,223,218,227,159,248,22,223,241,141,231,254,253,255,3,128,0,62
190,246,3,131,255,239,63,137,255,39,19,124,7,0,208,124,0,28,0,103,224,255,255,127,192,129,247,211,255,239,119,198,139,225,242,255,255,15,8,40,248,251,255,47,17,200,225,117,120,8,3,0,224,255,255,253,255,3,128,0,55
33,237,79,7,65,221,60,20,142,243,143,204,199,113,255,207,29,125,68,142,192,8,120,116,145,35,3,210,245,207,255,159,159,96,217,108,205,6,130,249,177,176,253,127,0,199,211,159,32,27,108,65,6,18,255,255,243,255,127,98,7
176,23,2,131,253,223,126,191,253,103,118,12,4,0,221,30,30,156,7,247,232,239,63,160,128,0,128,255,255,238,223,254,31,241,113,255,255,159,127,116,252,255,255,137,51,224,1,96,0,8,0,0,176,119,146,36,191,19,230,12,31
3,232,141,68,128,34,71,161,176,132,75,191,11,83,224,183,1,102,142,9,16,0,240,155,103,196,196,96,24,179,224,127,147,64,116,136,135,9,0,16,33,102,50,205,13,252,225,31,88,0,11,240,137,255,255,253,255,7,128,0,56
195,253,205,231,49,255,131,238,215,189,11,131,199,113,238,223,31,255,199,255,248,13,79,184,225,195,129,244,253,255,129,57,243,206,204,153,148,233,204,115,37,102,18,221,11,52,96,26,152,7,243,48,255,255,255,223,207,135,1,255,62
225,255,95,44,8,17,248,110,215,189,91,143,199,113,255,7,16,0,6,192,40,140,114,148,81,2,0,80,254,15,39,28,243,247,244,154,239,121,204,48,97,98,62,205,153,180,31,255,215,255,248,15,15,56,224,193,195,255,253,255,11
67,200,223,14,0,240,37,0,128,214,141,145,253,123,246,203,255,127,136,8,0,0,128,136,119,70,68,0,136,31,32,0,0,0,192,204,204,252,238,155,1,0,152,127,64,158,167,255,233,55,124,195,7,20,208,244,247,251,254,39,3
1,29,12,4,0,51,33,148,170,86,173,13,4,0,252,255,31,226,135,96,0,15,112,128,0,0,0,160,233,221,120,2,137,64,50,76,215,4,36,152,48,53,153,230,68,222,41,65,0,8,0,0,240,141,18,36,36,0,140,5,24
72,233,129,204,17,242,135,102,23,248,72,135,129,122,247,11,1,194,136,185,241,0,1,8,98,230,199,32,254,255,160,145,240,239,135,4,72,72,90,105,247,3,104,127,176,116,224,13,80,26,127,240,135,191,255,253,253,223,128,4,11
33,253,15,4,128,153,112,183,251,134,205,63,0,128,0,176,1,96,0,8,0,0,112,68,1,2,0,16,199,136,190,215,249,117,54,204,195,12,96,144,59,51,191,231,204,254,225,33,120,0,15,240,240,247,31,62,60,0,128,0,63
32,31,6,0,136,153,56,148,255,215,141,13,4,0,255,202,30,129,7,240,0,143,112,0,0,0,0,208,247,14,31,128,5,96,249,238,239,14,150,220,185,187,223,151,34,199,1,96,0,8,0,0,240,148,17,34,32,16,182,2,7
224,31,2,4,128,191,181,239,183,132,75,15,0,0,187,32,28,128,7,248,176,15,112,128,1,2,0,252,255,255,33,119,243,255,190,159,144,137,77,55,127,110,50,205,137,252,33,97,72,0,0,0,240,135,18,36,44,16,132,0,53
33,252,77,6,128,255,52,192,186,214,141,223,199,113,255,207,29,112,0,0,0,0,112,252,1,3,2,240,253,143,60,2,129,117,191,238,235,14,0,221,187,171,254,149,14,231,49,127,200,15,249,144,255,125,243,231,231,131,252,255,26
223,224,251,255,127,238,199,127,0,248,254,0,4,0,168,55,255,255,255,255,255,127,111,248,225,193,195,227,121,255,1,13,64,159,239,251,0,240,127,0,0,200,231,161,255,11,0,224,253,15,14,96,128,71,30,255,255,31,0,0,62
10,200,159,77,16,226,7,0,0,248,248,243,255,127,252,223,33,110,136,8,16,0,128,56,238,221,223,35,56,255,0,0,32,0,0,0,128,112,140,49,96,96,248,255,3,0,46,255,203,127,249,151,15,48,192,161,239,243,253,239,15
72,205,159,75,115,248,55,80,154,218,173,157,131,112,254,79,58,26,140,214,209,31,205,232,163,71,71,35,237,223,60,0,64,103,239,236,68,246,246,200,0,145,219,127,230,207,191,191,64,17,32,195,6,16,216,244,247,251,255,38,3
72,233,131,206,115,250,231,54,202,250,165,9,199,33,254,31,34,226,143,183,241,27,143,8,162,199,199,35,254,255,152,146,191,239,7,0,223,79,34,251,247,3,248,127,64,74,129,93,96,89,255,0,128,255,254,253,255,255,247,2,39
72,237,147,200,115,226,167,196,30,112,15,156,131,115,252,31,34,130,136,248,243,19,143,8,34,197,207,35,248,255,48,145,200,236,254,253,72,64,42,187,247,19,168,127,208,218,162,63,96,7,108,241,143,118,254,255,255,219,127,0,15
74,13,147,120,94,48,225,63,162,86,141,1,207,97,238,31,34,162,255,183,17,255,143,8,34,94,71,32,8,253,248,187,27,66,210,73,157,109,164,187,33,33,145,238,13,26,4,92,1,175,224,2,222,120,192,199,131,227,121,255,31
11,248,189,223,149,42,167,225,16,132,88,3,10,67,168,247,255,246,191,253,183,127,251,217,97,194,192,96,88,187,224,15,240,3,60,128,3,8,64,0,1,106,54,205,139,52,96,112,184,13,183,112,251,255,255,255,255,3,0,248,53
67,240,185,253,144,102,195,15,32,0,19,254,3,2,96,131,127,238,255,239,48,0,115,152,97,194,192,100,24,119,128,4,224,255,5,0,26,240,95,0,70,0,0,136,19,224,247,127,248,1,3,240,144,31,126,254,255,3,0,0,0
161,6,126,7,128,205,126,8,164,247,127,0,0,144,255,199,159,255,7,254,0,3,16,0,0,2,0,252,255,255,255,255,31,0,16,251,187,143,29,247,255,239,119,156,31,96,0,0,0,0,0,1,0,128,0,0,32,28,134,0,15
224,131,11,133,128,68,218,63,20,237,122,2,240,252,127,129,7,237,103,63,104,0,0,0,0,160,177,221,247,102,199,255,55,176,5,160,104,75,91,127,255,218,126,81,187,37,0,192,243,250,254,165,37,173,180,64,249,255,173,85,8
10,224,7,129,50,230,207,95,0,0,135,148,3,119,236,63,0,236,146,87,98,37,38,177,230,129,205,231,49,255,75,255,77,0,248,255,0,0,16,64,166,129,64,182,102,195,192,58,176,6,134,240,141,111,254,255,255,191,67,216,60
62,124,246,99,255,187,165,229,154,16,141,31,2,0,152,252,254,191,255,119,156,255,63,76,0,96,124,62,207,25,112,247,217,4,188,255,9,64,0,129,255,3,156,97,204,254,251,58,28,4,1,56,200,227,191,31,15,2,0,216,62
0,238,3,0,114,226,71,18,233,111,180,140,199,113,255,15,0,0,0,0,0,15,13,128,32,64,64,161,127,255,152,136,40,34,66,68,255,47,162,136,16,253,255,35,112,138,129,127,224,15,252,192,7,126,255,255,243,251,127,114,3
67,205,255,70,0,179,225,37,146,148,75,23,2,67,200,191,63,246,223,141,16,0,112,136,33,66,64,96,217,187,224,255,31,64,20,136,141,9,196,49,97,98,50,205,13,252,255,27,0,20,130,113,12,64,175,95,31,7,65,216,62
96,253,3,4,0,249,188,116,154,214,143,141,195,113,255,95,0,0,0,8,0,0,64,64,1,3,2,176,253,207,126,185,93,110,207,237,204,254,246,219,179,163,219,255,14,79,96,29,88,15,235,176,206,119,255,255,191,195,244,238,15
0,237,1,0,16,242,67,38,211,253,1,139,199,113,254,31,0,128,128,16,16,25,1,0,35,70,68,32,252,255,0,152,49,230,196,140,207,109,206,57,19,18,250,127,128,188,97,111,216,11,123,128,134,61,255,255,255,211,180,103,11
1,237,207,6,0,187,52,64,146,252,143,131,199,113,255,231,31,87,4,136,128,0,80,72,33,67,2,112,253,159,52,0,224,230,222,220,205,13,164,185,97,115,191,239,13,222,83,218,144,158,210,33,13,169,191,127,75,191,169,221,26
96,13,0,4,0,176,245,54,219,222,237,129,199,113,254,39,0,0,0,0,0,0,0,0,0,0,0,0,239,221,188,152,61,102,71,236,205,110,246,217,177,179,255,247,76,31,0,118,128,13,176,0,11,216,97,193,194,226,255,255,37
33,78,95,7,1,217,60,192,255,87,175,0,165,97,255,222,63,121,4,140,0,0,240,100,129,35,3,144,255,207,63,0,128,110,211,237,221,14,144,251,181,181,89,126,34,7,128,196,100,159,236,193,14,50,219,183,179,219,119,98,7
64,237,13,4,0,176,97,36,146,156,9,131,195,113,254,223,1,96,0,8,0,0,0,0,35,70,68,32,220,191,240,153,25,102,198,204,204,108,230,187,49,51,187,255,4,30,2,158,136,23,241,17,15,120,227,255,199,227,123,255,39
0,237,1,0,0,178,33,54,219,254,200,139,197,48,247,11,0,0,0,16,0,1,0,0,33,66,0,32,254,155,112,152,25,102,198,204,239,108,230,153,49,51,255,103,192,190,129,111,224,11,124,192,3,62,255,254,253,249,190,35,1
97,253,205,167,1,255,252,191,226,20,9,207,195,112,255,135,29,116,199,143,160,0,112,252,65,131,2,240,253,255,245,255,255,239,21,12,223,10,132,26,53,54,26,255,0,245,247,63,128,7,112,33,15,120,255,255,203,255,121,255,10
64,29,0,0,0,179,160,100,147,156,73,139,199,113,255,7,0,0,0,0,0,0,0,0,1,2,0,112,221,27,48,153,249,102,206,204,204,108,230,153,51,51,187,239,136,62,1,126,132,15,240,0,79,120,225,195,195,243,253,255,24
165,247,1,227,249,255,126,191,255,7,133,252,199,17,255,7,0,24,6,231,240,142,127,254,225,1,3,255,255,255,63,236,191,255,103,255,255,255,127,0,172,252,87,132,7,131,173,127,255,111,253,0,241,127,96,228,247,243,254,63,0
97,237,15,6,65,253,252,54,203,250,165,141,195,113,255,207,17,112,4,140,128,0,72,68,145,35,3,178,255,143,254,153,29,102,195,108,204,102,246,217,177,177,253,119,32,199,129,31,224,11,124,192,7,126,255,255,243,251,127,115,1
65,237,15,0,0,251,37,36,146,252,137,131,199,113,254,223,17,32,0,0,0,0,64,0,33,195,2,96,253,255,112,152,25,102,198,204,204,108,238,185,49,49,253,255,0,30,97,127,216,15,251,176,143,125,255,255,255,199,176,239,15
32,207,3,0,102,200,63,216,95,251,118,192,225,127,255,72,0,0,0,120,128,3,8,0,0,0,254,195,247,238,63,197,73,113,186,126,0,20,39,148,250,251,253,161,68,10,8,13,66,243,254,255,47,180,249,161,240,255,255,15,7
161,242,1,128,224,239,223,63,40,66,228,173,67,241,238,39,0,96,135,6,0,14,125,248,128,0,65,255,123,255,222,119,181,93,165,34,187,90,21,69,190,139,84,145,46,231,241,30,160,4,247,112,255,127,255,255,223,239,91,249,52
1,8,156,5,0,246,7,0,0,248,3,0,194,113,238,255,63,254,135,201,0,12,96,136,33,2,0,224,120,255,64,0,0,0,184,0,11,80,0,0,66,0,248,255,119,0,0,0,0,150,224,9,79,240,231,199,131,227,121,255,63
97,61,72,36,129,157,56,16,186,214,173,205,1,16,255,1,29,97,71,236,136,0,112,100,1,2,0,156,231,12,191,2,225,255,7,0,239,14,132,220,185,187,255,247,14,199,177,7,0,0,0,192,193,31,127,254,114,120,30,16,32
224,119,3,2,65,255,191,254,223,255,191,140,199,241,255,7,0,24,0,54,192,15,12,96,128,1,3,251,255,255,255,253,95,245,175,255,224,251,127,253,255,251,255,149,35,161,1,127,192,7,112,0,7,252,240,225,227,255,255,127,0
207,249,236,231,176,127,131,237,151,144,11,159,3,66,232,255,125,95,151,235,251,14,247,255,97,194,192,244,185,255,192,255,95,64,252,187,128,240,93,16,33,34,118,197,11,244,241,62,8,4,0,48,204,123,239,223,223,3,64,252,63
37,237,221,3,73,255,52,0,215,253,19,2,197,113,255,207,255,255,199,133,136,136,72,212,81,163,2,242,253,143,117,128,0,32,208,220,205,45,238,185,113,112,255,127,16,56,0,200,148,159,242,41,15,185,255,255,203,255,169,255,10
97,237,15,6,65,249,244,54,219,222,173,13,135,97,255,159,19,241,68,140,136,8,72,68,147,39,3,146,253,143,254,187,29,110,207,237,220,238,246,219,177,181,217,126,0,135,129,127,224,7,108,192,79,126,251,255,243,251,127,102,3
1,252,12,4,128,187,33,193,166,1,19,156,143,99,252,223,29,96,0,8,0,0,112,220,1,2,0,116,221,159,48,130,136,169,50,85,91,5,0,170,86,85,169,42,84,218,125,91,8,14,193,16,252,253,130,5,7,3,228,207,30
64,13,0,4,0,16,192,108,150,189,75,3,135,97,252,30,0,64,0,8,0,0,0,0,1,2,0,0,156,39,129,25,241,71,4,136,136,120,196,17,35,34,122,223,137,52,0,28,0,15,224,0,46,240,193,129,131,195,241,239,15
33,253,3,0,128,221,252,247,251,94,165,205,199,113,255,15,0,0,0,8,0,0,112,100,17,35,2,252,247,140,255,223,189,102,215,236,205,14,182,217,177,177,221,119,96,7,0,29,64,7,232,128,254,127,255,255,179,251,255,110,7
0,141,0,0,0,34,33,96,81,188,88,3,195,113,238,255,2,0,0,16,0,1,0,0,0,4,68,0,24,179,32,0,176,0,20,128,5,8,192,40,1,82,42,111,217,124,0,28,0,23,224,1,14,240,226,197,199,227,249,255,55
37,124,254,39,129,159,52,16,232,86,173,141,195,113,255,199,255,123,71,142,128,8,112,239,17,35,2,188,239,141,126,198,9,0,114,238,239,14,32,152,184,187,223,39,68,223,63,255,205,191,249,27,31,40,160,230,199,163,254,255,8
3,252,237,6,128,59,97,36,240,148,73,223,207,50,244,207,29,98,135,8,0,0,240,255,33,0,64,96,222,187,96,86,17,65,180,138,171,88,69,0,107,43,190,197,141,254,255,255,219,63,121,147,151,60,66,228,239,3,252,127,1
181,246,109,35,237,223,252,63,100,35,54,252,199,113,254,159,28,61,119,7,0,238,126,119,145,35,3,254,247,142,255,255,31,1,112,127,247,183,63,0,252,253,231,16,119,193,255,95,7,255,249,10,254,120,193,131,131,227,253,255,15
10,248,180,80,150,34,129,192,1,8,224,255,11,126,48,33,32,98,186,72,23,112,177,143,46,92,252,0,8,17,0,5,224,61,175,4,0,80,2,0,158,3,136,99,240,223,255,191,255,5,0,255,15,0,119,255,238,2,128,27,48
37,226,15,135,161,205,158,200,13,33,54,196,195,252,255,207,15,125,3,111,224,0,52,240,192,1,177,223,247,238,15,2,224,191,27,53,65,1,0,239,222,213,105,58,112,128,132,191,225,7,32,199,31,126,248,241,251,255,127,34,1
244,81,2,252,99,204,255,63,64,107,180,140,199,241,239,7,2,224,255,87,224,5,14,128,255,1,211,255,123,254,159,250,236,255,7,0,125,239,179,239,129,128,193,50,246,131,13,127,195,111,240,0,51,124,96,192,225,255,255,255,0
240,179,0,224,56,119,11,202,79,105,48,196,225,188,127,3,0,128,0,120,124,135,6,128,208,128,240,253,255,103,131,201,231,255,7,0,164,35,159,254,1,252,127,132,3,129,24,39,198,129,48,239,103,159,253,194,192,252,159,51,0
97,249,9,4,0,119,203,6,195,120,0,136,199,241,238,39,1,96,0,8,0,0,64,0,65,194,0,248,127,255,193,217,37,102,193,44,204,98,151,125,48,48,252,23,0,193,65,94,144,15,242,32,79,251,239,223,203,239,121,255,62
203,226,189,215,176,110,207,223,166,16,7,136,214,209,174,247,223,254,183,39,112,11,87,56,224,210,193,237,123,247,195,255,31,0,160,3,186,215,61,5,254,1,4,128,119,64,239,95,186,127,255,0,160,251,238,93,254,47,65,248,60
71,185,220,101,0,247,65,38,210,188,73,255,255,50,96,203,57,103,140,137,0,0,224,255,255,231,0,96,156,63,96,140,17,67,228,140,206,248,222,16,1,50,122,223,136,244,255,255,223,155,115,49,6,128,247,206,205,133,128,127,11
32,255,0,0,120,255,3,70,223,250,128,136,229,176,127,3,0,0,0,0,48,207,95,56,225,194,193,249,255,255,0,213,69,117,249,255,64,80,31,28,250,56,252,3,0,1,241,78,188,139,127,48,226,255,255,255,221,0,16,115,1
160,247,7,0,224,239,63,171,117,175,114,214,227,127,255,30,0,4,0,1,32,0,62,120,192,193,211,251,127,255,231,164,55,233,37,189,210,159,126,40,252,255,59,127,17,240,224,61,120,7,239,240,254,255,255,253,255,3,132,0,31
3,237,143,70,209,255,39,196,186,22,143,223,203,115,244,223,1,82,128,12,144,0,249,253,224,193,195,227,249,255,56,150,193,101,190,204,203,12,4,16,114,35,248,255,0,222,225,31,248,15,255,240,191,127,254,253,255,3,134,0,15
1,242,44,4,128,15,15,128,48,4,75,191,79,83,234,247,29,112,0,8,0,0,240,255,1,0,0,236,89,255,52,2,128,17,61,162,35,10,0,64,138,138,86,145,170,231,255,119,152,12,147,48,185,203,46,93,94,2,73,185,52
97,253,11,4,0,253,252,118,219,254,133,141,199,113,255,15,17,96,4,136,0,0,64,192,17,35,2,208,255,143,255,155,253,102,223,236,205,110,182,217,177,177,253,119,32,199,145,94,160,15,244,64,79,126,249,243,211,255,127,255,3
0,237,7,0,16,242,39,4,226,255,129,129,195,115,254,223,0,34,128,0,16,17,1,136,98,196,196,35,252,255,96,136,9,98,66,76,215,47,238,184,49,245,251,255,0,26,96,31,216,7,251,177,143,125,255,255,255,199,241,239,15
128,86,3,0,6,0,24,253,190,7,255,192,231,249,255,39,0,0,0,48,0,119,16,0,0,0,28,12,0,64,75,118,159,216,191,255,187,143,1,247,255,239,7,128,255,33,0,0,196,175,248,136,127,126,241,227,227,251,255,191,48
0,226,1,64,54,102,3,10,101,107,48,0,0,54,102,11,2,128,129,112,48,7,7,0,0,192,196,225,58,119,192,204,38,50,64,6,119,55,187,108,16,220,237,2,112,64,224,0,48,0,7,112,199,255,255,255,223,13,0,112,3
53,242,205,131,120,255,11,2,105,107,176,60,28,0,0,224,29,63,68,7,232,136,127,252,241,227,163,251,255,239,31,136,0,50,65,118,103,39,187,236,16,216,237,2,112,195,225,96,56,8,7,96,192,199,255,255,63,12,0,0,62
1,168,252,4,128,19,64,2,64,222,224,153,207,19,226,231,255,99,6,0,0,0,240,143,1,0,0,56,14,16,192,77,28,0,96,2,38,126,119,0,8,136,223,1,238,39,35,226,155,31,241,17,129,136,226,197,207,35,248,255,56
126,25,240,251,255,1,224,167,227,0,129,143,199,241,238,7,254,131,255,247,255,255,191,135,30,60,60,28,134,0,224,255,61,29,164,131,58,248,119,2,46,15,0,128,206,255,31,190,135,247,240,15,127,128,1,0,0,224,249,255,32
30,16,244,251,255,0,1,2,97,8,0,252,255,255,255,71,254,159,255,247,255,255,143,31,126,252,252,109,26,49,64,68,0,17,96,2,38,176,5,4,8,172,4,128,2,193,31,254,135,255,240,15,63,136,32,64,192,240,253,255,0
74,25,240,253,127,16,192,102,67,152,0,255,199,113,238,7,254,135,255,243,255,255,255,0,3,6,4,0,6,0,128,223,240,119,206,2,44,112,195,5,1,0,156,1,136,254,31,254,135,255,240,15,15,128,1,2,0,252,121,255,0
161,246,1,4,128,239,223,155,44,3,246,140,195,113,254,7,0,96,0,8,0,0,112,0,0,0,0,236,123,255,223,254,175,255,19,113,255,7,0,230,252,253,225,56,119,193,1,30,128,15,240,0,255,255,254,253,255,227,255,255,0
224,239,3,0,0,0,56,58,93,255,254,136,199,241,239,15,0,0,0,0,0,0,0,0,0,0,0,128,245,238,63,136,30,162,71,246,100,127,255,236,209,251,255,123,255,63,1,94,128,15,240,0,143,255,255,255,255,255,127,255,31
97,253,13,4,128,17,64,133,162,16,141,141,199,241,238,199,1,96,0,8,0,0,112,0,1,2,0,60,132,0,216,186,161,110,208,13,223,64,132,27,34,32,24,246,0,223,1,94,128,15,240,0,255,127,235,223,199,227,123,255,0
0,13,2,0,0,16,56,48,223,255,255,131,199,113,254,63,0,0,0,0,0,0,16,0,0,0,0,0,134,0,63,0,185,227,23,252,239,15,102,248,241,251,255,255,204,127,1,30,128,15,240,0,15,120,225,195,195,255,249,255,63
161,230,45,0,128,15,124,9,224,39,114,196,67,252,255,195,157,96,2,0,0,0,112,230,0,0,16,252,127,128,63,68,0,145,32,50,235,31,25,4,250,235,255,129,255,128,4,175,229,7,16,239,31,60,112,250,243,255,255,63,0
0,237,135,0,16,250,165,116,155,254,141,193,227,121,255,203,2,2,128,16,16,1,1,8,34,68,70,34,254,159,112,145,25,100,174,204,200,92,102,153,251,35,252,247,0,63,33,93,72,31,233,144,142,116,242,245,247,211,254,111,7
96,237,67,36,8,255,184,86,219,218,165,201,229,176,255,67,16,1,0,136,8,136,64,4,17,99,35,248,255,15,60,192,233,119,238,206,236,116,231,157,59,57,253,3,64,31,129,78,160,11,116,64,71,62,249,242,243,249,127,115,1
37,237,77,39,0,253,56,2,193,255,224,1,192,249,255,199,191,255,70,200,0,0,96,128,209,3,0,248,255,14,63,128,32,34,65,4,231,46,247,220,17,248,255,119,96,7,0,32,240,7,246,224,15,255,255,255,251,255,1,243,1
72,253,3,8,50,112,3,164,182,181,15,143,199,65,238,63,0,128,0,112,49,23,3,0,0,196,196,0,184,119,0,16,145,204,253,185,157,203,220,115,231,34,50,223,11,180,193,124,176,15,196,0,136,123,238,223,223,239,99,252,63
165,2,108,54,128,31,56,193,36,1,82,142,0,0,238,199,223,127,55,200,2,12,112,215,13,2,0,252,1,0,55,36,224,159,40,1,18,240,9,2,76,76,0,136,191,48,4,226,131,36,16,2,49,8,0,64,64,231,121,255,56
97,233,79,167,1,255,248,116,130,248,141,133,1,176,255,135,51,255,204,143,136,8,64,100,243,231,3,176,253,143,254,153,93,102,201,44,200,114,246,217,179,32,252,247,2,103,192,14,32,0,118,233,79,127,255,255,219,253,3,240,0
37,28,126,6,128,153,56,0,105,78,228,221,139,115,244,223,189,121,6,8,0,0,240,230,19,3,0,16,230,8,62,130,160,35,83,68,71,14,128,200,16,189,203,119,224,207,63,191,195,23,96,135,15,16,224,225,231,243,255,255,7
136,18,2,88,22,0,195,219,109,2,180,4,2,65,234,55,0,128,131,248,55,127,17,0,0,0,92,36,8,241,128,167,238,191,59,69,19,128,0,2,220,221,1,58,244,202,0,16,0,4,128,4,253,251,160,65,70,163,105,253,60
10,13,151,72,118,224,199,61,162,151,143,3,135,97,236,191,126,174,159,247,115,63,143,8,35,70,69,0,40,255,200,255,31,0,208,200,159,109,164,145,33,33,145,255,15,94,1,16,0,12,224,0,152,112,192,223,215,195,123,254,63
24,50,0,16,190,0,0,194,79,8,176,204,0,152,127,0,0,0,0,112,63,255,23,0,0,0,252,24,14,0,0,64,224,255,251,127,98,18,19,4,254,253,253,0,96,195,57,46,6,192,0,12,243,253,243,0,0,96,252,127,0
11,124,254,74,22,34,165,192,30,144,15,159,143,65,236,255,127,30,159,248,243,63,245,137,34,64,68,32,8,255,24,1,201,64,254,223,0,0,228,145,33,35,147,237,77,222,127,254,140,15,192,0,12,96,231,207,199,227,121,255,63
74,61,248,252,17,50,129,229,31,144,75,159,3,115,232,63,0,66,132,248,255,8,241,153,39,66,64,32,8,51,32,3,241,255,254,217,0,0,0,16,37,38,18,239,141,252,127,254,159,103,193,31,189,224,128,1,71,131,105,255,62
32,62,4,0,30,17,0,2,225,111,240,200,100,24,115,193,10,1,0,0,0,223,35,128,16,0,52,16,158,0,0,128,0,177,112,255,247,63,127,40,88,254,255,11,240,56,0,224,132,137,48,8,65,152,255,195,64,236,56,247,0
101,9,110,54,128,29,248,59,64,172,112,11,141,33,204,158,157,241,119,204,0,12,112,199,25,3,0,156,199,0,191,76,245,95,7,0,174,122,213,64,129,168,214,213,174,39,12,8,3,254,235,30,252,224,128,0,0,131,241,238,31
7,204,127,7,1,153,60,204,150,177,31,18,137,107,244,222,127,127,12,12,129,0,240,245,19,39,6,2,197,143,63,3,227,194,94,216,129,1,132,240,97,227,243,255,15,248,63,157,72,51,105,155,14,48,210,166,167,209,244,110,15
39,134,255,135,1,252,126,12,134,181,31,2,192,241,255,199,255,255,23,143,224,0,72,112,193,131,131,247,241,239,119,0,3,192,168,153,144,209,125,51,239,103,50,220,15,112,6,130,128,48,222,227,13,8,32,250,251,255,175,21,24
88,125,128,200,123,242,135,86,91,248,128,157,135,0,254,15,32,130,136,240,249,223,143,136,226,197,199,35,254,255,88,191,221,98,251,253,64,32,166,217,17,176,217,127,64,207,243,255,252,7,0,0,192,123,255,255,3,192,50,246,15
229,247,11,38,129,221,252,191,164,39,63,236,231,177,255,131,0,224,70,6,0,0,96,196,149,3,2,254,229,140,255,255,223,234,223,253,213,135,136,251,85,244,3,126,17,136,221,127,247,175,254,2,117,127,160,250,251,255,239,85,24
1,236,15,6,0,255,190,229,178,16,143,83,251,127,240,254,21,112,0,8,0,0,240,125,1,231,3,194,253,255,255,55,157,68,176,169,155,10,4,83,175,35,80,245,15,39,224,137,253,182,255,251,223,111,190,255,127,11,6,0,30
225,253,1,0,0,249,248,62,209,255,112,255,255,241,255,143,0,32,0,0,0,136,64,132,243,35,0,240,255,15,183,171,255,239,71,132,196,169,254,251,17,244,251,127,144,188,211,255,252,143,254,96,75,255,255,255,251,255,25,243,32
0,237,5,0,0,240,0,100,151,188,11,211,237,58,119,203,3,0,0,0,0,0,0,128,50,0,100,0,252,15,240,156,23,32,224,188,222,251,222,89,179,18,122,127,128,53,242,143,252,155,127,249,7,50,255,254,251,253,50,102,11
64,141,0,12,2,0,33,32,81,156,72,3,252,127,255,56,34,224,9,56,1,19,0,0,2,68,116,0,14,17,48,0,232,118,6,192,229,12,224,157,25,59,191,97,204,30,8,192,223,255,251,159,63,220,112,1,224,114,253,63,32
39,28,252,183,201,223,124,0,224,207,236,253,255,35,224,207,253,127,255,143,136,136,248,255,255,35,3,222,229,142,191,4,33,67,1,0,255,191,119,0,32,188,219,247,14,231,255,223,223,255,251,7,4,0,0,0,133,193,252,255,11
200,173,0,72,18,98,3,171,117,165,90,2,64,16,119,1,2,128,129,48,16,23,1,0,0,68,196,32,56,119,128,170,242,235,6,1,85,137,138,58,85,118,3,110,144,56,64,1,80,0,31,241,129,143,63,126,124,60,128,0,0
55,142,255,167,233,223,60,0,224,39,114,74,229,40,247,200,255,127,255,71,200,140,254,255,209,33,35,251,255,142,63,0,0,32,0,4,247,15,130,8,16,252,123,126,32,193,255,223,241,249,255,1,0,0,56,254,251,255,143,0,32
8,142,16,72,18,32,1,224,55,132,91,3,232,127,240,218,111,2,1,56,17,19,144,0,0,76,76,0,8,51,0,34,240,236,28,153,145,137,64,59,247,102,2,223,153,52,42,128,158,251,255,63,47,128,231,0,4,0,176,255,3
128,182,0,0,132,0,224,63,240,135,75,255,102,24,179,33,0,32,2,0,0,39,32,129,4,0,28,4,0,176,224,228,31,81,37,171,254,255,127,0,254,255,87,129,175,39,253,243,255,253,191,134,249,95,0,64,112,58,207,25,48
0,134,188,0,128,0,193,233,52,5,91,210,252,62,49,192,199,98,1,0,0,2,16,11,0,252,252,44,0,49,192,183,18,136,176,149,91,217,74,35,127,71,2,78,153,120,127,207,203,248,127,151,49,128,0,0,108,0,140,7,8
3,128,252,5,128,0,72,5,160,3,7,0,0,82,242,231,255,239,63,72,0,0,240,129,0,0,8,4,0,112,203,255,15,0,0,0,27,211,0,0,238,0,0,152,51,1,0,160,1,0,0,3,24,0,0,220,223,235,123,255,60
1,0,252,20,128,0,192,1,32,0,176,132,0,16,162,165,255,239,255,235,0,0,112,131,1,0,0,140,2,112,138,0,224,27,0,0,35,0,0,0,8,252,5,0,119,203,7,6,0,0,0,3,0,0,0,212,255,99,122,255,0
3,6,252,21,128,1,64,0,160,133,91,31,9,2,64,203,255,111,31,200,0,4,240,159,1,0,0,4,128,0,1,0,224,201,36,137,147,153,68,0,228,238,18,221,139,244,127,234,27,50,0,3,0,0,0,4,12,1,160,87,10
3,12,126,4,0,17,192,181,160,6,205,127,11,2,208,222,121,99,6,64,0,4,240,141,55,0,0,36,128,31,224,173,21,9,33,45,214,250,86,0,180,180,66,118,34,167,119,233,93,50,67,51,148,32,130,62,15,129,160,76,30
30,22,246,251,127,230,7,0,96,7,114,28,143,1,252,31,254,159,255,247,255,255,159,121,230,221,223,35,56,255,128,6,160,137,48,0,255,31,0,0,246,247,3,126,243,192,127,252,15,255,225,0,36,160,128,1,133,195,241,255,31
136,87,2,0,254,0,1,173,254,135,79,255,127,1,176,112,0,0,0,0,0,255,63,1,0,8,252,5,0,34,65,52,23,201,244,255,255,223,127,18,254,103,2,254,15,176,53,121,79,174,137,0,240,126,0,38,7,0,254,15,62
8,31,16,8,62,32,1,18,233,79,244,28,4,0,240,52,0,0,8,16,1,255,143,0,2,68,252,1,10,113,64,166,10,40,114,213,95,141,42,170,84,87,139,126,208,218,131,240,32,12,132,0,0,66,111,255,19,10,83,184,53
8,61,128,72,30,34,33,131,227,0,128,12,0,0,246,7,0,130,143,241,59,191,3,8,32,64,68,32,152,51,32,134,168,225,50,92,215,5,34,136,116,117,185,46,68,218,1,0,0,0,0,0,224,253,247,207,79,161,168,255,10
74,89,147,200,127,226,71,26,96,107,180,12,7,0,238,63,34,162,191,247,241,255,15,136,162,68,69,33,120,255,152,128,232,239,7,68,77,37,162,187,16,17,169,126,80,138,1,112,0,12,128,0,128,119,222,255,255,207,65,236,63
24,22,2,0,126,0,11,170,245,175,122,206,38,136,255,32,0,0,1,112,0,255,31,0,0,0,252,3,18,114,67,68,20,17,117,255,255,31,81,68,217,255,255,1,250,229,18,49,4,128,0,143,72,128,17,35,2,252,221,139,52
1,128,12,4,128,2,193,3,96,0,112,2,70,81,238,183,29,96,7,8,0,0,112,136,1,0,0,108,10,113,192,106,178,146,16,0,53,9,128,38,1,92,38,8,249,48,0,16,128,12,176,0,169,216,98,197,222,99,89,255,52
39,252,205,39,201,255,60,192,255,5,11,126,191,3,144,252,125,31,4,140,128,8,248,255,209,163,3,214,245,143,55,0,128,239,250,221,223,5,2,136,50,17,153,126,64,26,241,65,124,140,143,120,224,215,223,191,30,0,0,0,55
39,246,237,3,128,223,62,0,225,107,176,252,239,123,240,195,221,127,2,6,0,0,240,255,249,1,131,255,255,238,63,4,0,17,96,54,102,247,127,0,216,248,253,1,112,193,255,255,248,23,63,241,143,31,255,255,255,83,158,3,1
161,246,76,2,128,255,56,193,191,5,11,223,199,48,255,199,21,16,0,136,128,8,112,124,1,163,2,252,253,143,55,34,160,253,149,187,251,11,0,119,255,111,2,204,11,244,127,127,132,7,112,0,215,125,231,239,195,231,249,255,8
224,253,3,4,0,249,184,126,159,248,129,73,116,128,63,32,0,0,0,152,0,0,0,0,17,34,2,240,255,15,62,145,123,247,238,222,200,117,127,189,123,3,252,111,0,24,193,66,176,136,222,96,97,239,255,123,91,191,1,208,24
96,29,2,12,2,144,184,244,159,248,143,15,129,32,255,30,2,128,1,184,1,3,0,0,0,38,0,0,228,14,63,145,221,101,191,236,136,66,118,217,243,35,248,255,2,231,1,44,0,3,96,0,6,240,209,163,163,211,255,239,7
96,13,2,8,2,16,176,244,159,244,143,3,129,32,255,94,6,128,1,248,1,27,0,0,0,6,4,0,196,8,62,17,217,101,255,255,128,64,118,217,255,35,219,247,14,63,0,12,0,27,96,0,6,48,193,130,131,209,255,239,15
33,254,79,34,201,159,48,192,255,7,237,205,231,48,255,203,29,17,64,232,136,142,120,76,17,34,34,252,255,9,60,2,192,235,254,223,213,13,128,186,21,127,139,110,208,222,151,255,228,7,112,201,71,60,249,247,227,249,255,119,3
33,29,76,36,128,153,48,50,249,206,236,141,129,48,247,139,29,97,71,200,0,0,112,196,17,0,0,16,199,8,124,134,153,97,126,204,195,12,38,152,48,51,155,103,68,223,27,15,0,3,112,8,103,184,241,194,193,241,252,127,11
193,233,11,4,0,248,247,245,146,144,143,135,195,115,238,39,1,96,4,8,0,0,64,0,167,79,3,164,233,255,190,59,253,78,135,9,152,232,244,211,39,38,16,254,14,255,193,11,240,10,94,224,5,111,254,253,255,191,143,0,24
53,237,127,35,105,221,60,80,219,218,164,193,227,123,255,203,191,89,67,238,201,134,252,228,144,1,32,147,255,12,30,129,196,101,255,238,64,18,54,88,178,179,221,119,34,135,190,191,239,247,253,255,15,16,97,194,129,248,255,127,1
254,241,131,251,127,238,159,218,31,120,182,204,199,33,255,15,0,158,138,255,255,255,15,248,226,193,199,227,127,255,31,221,202,247,251,255,0,112,191,172,88,89,253,9,117,8,45,255,251,111,249,0,176,255,240,161,252,243,255,15,7
33,253,76,0,128,255,56,2,219,254,160,205,197,48,255,195,25,97,4,0,0,0,112,228,17,34,0,248,255,13,62,136,0,34,122,238,103,54,178,200,16,184,255,51,96,207,145,38,164,1,52,72,195,218,255,255,211,104,95,179,33
33,204,15,4,128,159,60,128,186,70,173,1,30,67,136,254,29,112,0,8,0,0,112,224,1,2,0,188,105,221,126,2,129,0,240,235,191,14,0,144,170,163,213,245,14,15,160,0,56,12,135,112,136,103,191,127,63,3,2,128,62
74,173,145,232,123,242,225,126,19,248,200,3,129,120,255,15,34,230,207,247,249,159,15,8,98,228,228,35,254,63,224,155,123,226,76,140,64,96,238,185,49,114,255,127,0,252,18,12,0,131,96,57,79,176,247,239,131,229,249,255,15
8,13,16,8,18,32,33,161,112,133,90,7,1,122,252,30,0,128,137,112,17,55,129,0,2,68,204,0,136,59,96,163,208,40,124,221,80,136,66,42,117,119,11,127,216,252,50,24,0,0,0,159,79,96,211,167,3,129,253,239,31
218,177,128,253,49,102,131,239,23,0,82,158,193,48,118,3,6,206,255,251,255,15,7,56,224,194,193,229,184,119,128,255,247,255,95,11,0,0,128,54,1,124,2,132,9,180,127,239,255,111,115,22,247,185,0,0,204,97,184,119,0
33,130,108,7,128,15,56,0,224,7,133,129,64,81,170,231,223,127,6,0,0,0,112,250,1,0,0,252,123,255,95,70,0,0,176,82,43,13,0,0,74,75,252,1,253,24,0,0,0,8,145,16,249,95,62,253,254,34,74,153,48
8,13,19,88,22,0,101,145,104,66,244,85,42,95,176,52,0,160,137,48,17,51,145,0,2,76,92,2,8,145,248,38,168,9,18,64,19,4,32,128,92,127,131,34,212,90,12,17,67,124,137,151,56,68,16,33,246,18,255,137,52
37,2,252,7,128,29,120,19,224,3,160,0,64,80,238,231,255,127,119,4,0,8,112,231,1,2,0,252,3,0,254,255,31,0,48,3,63,23,1,0,140,141,5,128,119,67,2,28,0,20,224,1,14,64,192,197,199,227,121,255,63
203,161,253,253,50,118,195,47,224,5,27,134,1,126,246,131,111,239,255,127,122,1,7,24,224,192,253,245,188,119,192,255,63,200,0,0,247,129,140,62,116,252,17,142,1,192,246,31,0,0,54,255,15,59,239,255,223,239,8,241,0
79,173,253,223,17,98,199,63,96,133,88,199,225,254,119,129,239,239,255,15,48,0,51,152,96,192,252,99,30,51,192,255,63,1,4,0,247,153,78,0,117,254,59,79,136,244,255,191,217,51,120,247,7,0,0,236,253,241,188,7,0
0,29,4,0,142,0,96,34,241,206,232,143,4,0,250,165,8,32,2,64,0,31,49,128,0,0,0,0,8,17,112,132,24,33,102,196,255,61,98,128,17,63,159,99,204,158,29,98,135,232,0,0,112,8,0,2,0,32,252,255,56
39,142,253,3,128,15,52,0,224,7,128,128,200,123,254,199,255,127,2,0,0,0,112,255,1,1,0,252,255,187,117,4,1,0,96,74,231,63,37,0,40,253,255,133,6,15,2,166,193,55,248,147,15,8,240,228,255,243,255,63,0
71,136,255,7,1,238,247,53,128,214,173,1,0,119,170,247,255,254,191,15,0,0,0,104,160,67,67,167,105,255,248,255,29,0,0,0,175,78,245,213,171,3,220,177,110,71,0,1,0,48,221,243,159,110,58,253,255,27,238,0,60
1,173,12,4,0,48,97,36,208,156,201,11,133,32,254,159,27,224,6,192,0,12,96,128,3,0,0,0,136,17,32,0,57,99,70,204,207,124,230,152,33,51,159,231,140,62,32,252,141,7,225,16,222,120,195,199,135,195,249,255,15
26,188,212,235,126,243,1,192,23,156,73,3,252,115,234,231,254,31,128,177,187,255,15,24,115,239,231,96,220,63,32,0,64,102,252,255,200,248,206,27,51,2,26,207,136,52,0,0,158,247,243,63,239,249,231,15,0,0,128,255,56
224,233,9,252,129,103,139,86,11,88,128,196,193,184,127,3,1,194,231,251,252,0,0,8,32,226,193,249,255,119,136,209,229,255,7,0,8,64,23,93,250,1,252,0,32,3,8,79,226,91,124,132,39,190,248,224,253,253,190,55,0
7,172,253,7,128,175,101,38,224,191,9,3,120,127,186,229,255,127,199,5,0,0,240,220,97,1,192,114,255,187,224,223,31,0,32,8,239,127,127,0,40,250,255,133,13,62,0,128,248,60,255,243,143,7,126,255,255,23,128,0,48
96,29,2,0,0,145,176,118,155,222,237,3,100,136,255,32,0,128,0,16,8,131,0,0,16,34,34,16,207,9,124,155,217,102,222,204,196,44,230,157,49,51,159,103,204,94,1,71,192,9,56,0,66,156,113,227,224,240,255,47,33
33,236,79,7,0,253,62,64,159,255,15,131,199,113,255,207,63,95,0,136,0,0,112,240,193,3,3,208,253,239,63,0,128,66,248,253,223,47,132,249,33,224,250,255,11,52,194,221,252,159,255,225,14,3,255,255,255,255,3,64,15
0,237,5,0,0,242,39,2,193,255,128,139,239,113,254,207,0,32,0,0,0,0,0,0,34,68,68,32,254,255,224,152,25,32,192,204,207,110,230,217,17,48,252,127,0,95,0,30,128,15,245,0,143,127,255,255,255,227,127,255,3
96,93,2,0,2,16,240,119,219,222,236,1,135,97,255,30,0,160,0,16,0,15,0,128,1,0,0,0,197,136,252,255,253,111,255,205,192,252,102,152,49,55,155,119,204,31,0,28,6,199,224,12,126,252,209,131,131,243,253,239,15
120,169,0,220,115,232,183,212,27,216,165,129,229,176,255,67,6,146,129,248,253,3,13,0,0,64,67,163,127,255,56,145,232,117,191,238,8,80,51,205,186,3,220,35,228,15,9,79,194,251,252,4,51,188,240,192,240,249,255,119,0
71,137,221,207,0,242,195,63,64,252,120,3,201,123,246,143,63,238,255,15,0,0,224,184,227,2,0,224,254,255,193,255,63,0,0,0,222,251,222,40,1,244,106,127,184,52,4,132,1,121,255,87,31,16,64,196,252,67,122,251,33
88,253,129,193,122,246,135,94,207,251,128,152,205,32,246,11,0,142,136,19,241,223,15,56,226,197,199,227,254,255,64,137,75,226,250,254,192,48,190,184,112,241,253,63,0,8,225,105,248,11,79,240,196,255,255,255,255,15,0,0,11
32,253,3,0,118,236,63,118,223,254,160,201,231,185,255,1,0,0,0,16,0,215,15,0,0,0,244,227,127,255,62,208,93,118,255,254,232,126,247,221,187,187,253,1,32,199,129,127,224,15,252,192,239,255,255,251,251,255,255,47,1
64,237,3,4,0,240,128,100,146,180,15,27,207,97,252,95,0,0,0,24,0,1,0,0,3,102,0,0,156,31,32,152,81,102,204,140,204,232,206,59,51,34,58,255,8,52,96,92,24,159,231,48,142,115,255,255,159,135,32,238,15
101,237,207,167,1,255,252,126,138,248,143,129,231,113,255,207,17,127,196,15,128,0,64,252,241,227,3,243,253,207,255,189,31,100,200,252,200,240,254,251,51,17,248,127,0,26,192,158,188,159,255,249,207,123,255,255,219,239,51,242,7
48,207,15,6,65,236,63,112,24,254,236,65,243,255,255,252,1,120,0,14,192,0,8,96,128,69,247,163,127,253,190,65,127,208,7,242,160,15,125,244,249,251,255,129,255,252,130,29,64,23,236,215,14,246,218,181,255,219,255,14,63
160,207,31,10,67,152,60,168,52,167,127,67,32,127,217,248,111,240,8,4,128,1,8,64,2,13,46,2,193,142,55,128,30,160,71,245,85,175,250,250,213,247,235,127,251,52,192,145,113,54,206,227,12,71,156,255,255,191,197,8,62
224,253,5,0,0,255,248,126,207,251,128,204,197,176,255,3,0,0,0,0,0,136,112,132,17,34,0,248,255,14,255,223,31,247,227,126,238,127,255,253,250,16,252,3,48,193,211,127,244,3,52,96,67,255,255,255,251,253,27,51,0
97,205,95,6,0,153,244,44,150,245,15,3,207,113,254,223,63,113,6,12,0,0,96,196,17,3,2,16,237,143,254,57,27,196,136,217,136,237,236,179,103,99,176,255,13,56,0,72,129,47,248,0,31,124,224,239,227,243,253,255,11
65,205,191,78,1,168,247,48,24,198,252,7,2,115,236,191,63,250,143,14,1,0,176,200,34,68,68,2,104,253,248,7,250,128,6,192,0,12,96,160,65,87,163,107,221,94,0,28,0,4,232,145,143,116,242,245,255,211,255,239,63
65,128,63,28,0,0,202,55,0,198,237,1,2,119,204,191,255,226,191,138,0,0,112,0,1,2,0,0,0,241,216,2,180,0,5,0,5,10,208,69,129,138,70,81,238,103,0,26,0,116,241,23,191,104,160,65,223,163,123,255,62
1,12,28,4,0,16,0,32,148,181,91,3,12,0,192,255,127,96,6,8,0,0,240,128,3,2,0,0,128,51,1,0,17,64,100,152,135,57,76,16,97,98,114,223,139,116,3,128,0,24,0,1,0,0,6,142,15,7,0,255,31
33,28,108,0,128,25,48,224,243,148,73,191,14,2,160,245,221,33,4,128,0,8,240,207,1,2,0,28,134,0,116,70,145,64,252,155,175,8,64,16,43,42,22,197,137,252,35,224,8,8,0,0,128,128,103,71,68,0,200,187,48
193,0,124,4,0,16,200,45,160,49,27,2,12,2,0,218,255,224,31,200,1,0,240,129,7,2,0,0,0,0,193,127,23,0,0,9,157,131,140,115,100,228,16,156,11,32,0,224,1,48,0,3,0,0,0,14,8,4,0,244,15
53,6,124,51,205,141,60,129,255,7,126,3,32,8,17,240,255,63,115,100,140,238,120,119,16,33,58,254,199,8,55,32,128,25,52,171,255,143,0,6,255,255,3,192,175,55,0,0,79,240,159,255,249,207,19,2,0,0,206,1,48
1,232,15,4,0,32,67,4,162,148,143,19,10,71,136,255,25,96,0,0,0,0,112,128,1,2,0,0,8,247,192,59,145,64,16,8,141,8,128,83,33,34,18,245,15,55,96,24,24,6,199,121,142,99,207,223,159,135,65,252,63
39,224,253,7,128,223,88,0,224,35,18,0,156,99,204,223,255,127,70,11,0,0,240,254,209,2,0,216,255,78,207,186,7,0,0,4,223,15,130,251,16,84,40,126,48,0,0,64,184,9,255,112,131,255,255,255,255,3,0,112,1
129,130,5,0,0,0,67,40,228,165,90,158,14,65,168,247,11,32,0,0,0,1,0,128,4,0,8,4,0,115,1,0,2,136,64,17,127,171,136,34,68,220,34,74,249,240,231,246,185,61,130,3,8,64,0,223,223,111,65,248,52
64,232,129,68,144,34,167,96,17,152,72,195,96,190,51,64,15,194,129,120,48,0,1,8,32,64,220,106,90,179,32,81,240,21,142,194,32,80,97,133,91,11,254,1,220,62,32,13,232,91,127,245,167,191,254,252,253,83,190,6,3
127,237,253,255,249,255,101,54,193,254,128,199,225,254,255,195,191,255,239,255,253,193,15,222,248,241,243,251,255,27,176,202,249,119,6,0,229,44,227,157,25,59,255,3,192,255,254,159,255,247,255,255,79,16,227,223,3,192,120,255,3
161,2,2,4,128,0,88,179,121,134,236,7,0,128,204,62,8,224,7,64,0,4,32,128,1,0,0,28,2,0,207,255,181,26,85,161,119,138,208,70,133,158,66,81,170,103,8,0,0,64,0,15,124,192,0,0,0,208,245,206,63
152,22,54,145,254,68,15,194,109,75,240,12,4,128,255,1,14,136,3,114,103,255,63,0,0,0,252,207,50,118,75,196,4,49,57,167,99,18,19,68,156,223,79,17,242,39,1,96,164,9,0,0,80,94,121,243,210,252,127,50,33
0,22,4,0,150,0,1,34,245,173,88,15,0,0,240,193,12,0,2,64,0,127,177,128,0,0,92,0,10,48,64,6,18,129,116,191,247,27,72,0,89,254,46,73,153,244,1,98,0,0,0,0,0,136,103,70,68,32,152,59,32
72,237,3,0,16,34,129,228,27,216,141,83,171,127,221,26,0,64,0,56,27,0,144,12,48,108,252,51,140,17,0,145,201,101,186,76,0,80,38,153,254,3,152,119,64,31,32,24,8,102,233,190,255,255,146,37,167,3,252,207,31
231,241,233,247,129,223,248,63,130,248,11,62,139,103,192,191,255,253,255,207,232,0,96,244,217,3,2,220,247,142,191,93,255,223,7,0,168,113,125,53,106,32,244,133,15,48,104,88,26,239,227,52,254,255,199,13,141,7,128,238,31
33,8,12,4,128,0,48,16,104,70,228,141,3,64,238,55,0,96,2,64,0,4,112,128,0,0,0,8,34,80,154,0,232,59,3,64,103,38,176,204,128,157,207,50,230,207,33,20,0,5,160,0,154,90,66,213,214,66,127,250,37
72,205,23,8,126,176,101,52,154,214,173,157,207,3,240,39,32,128,136,52,147,255,141,0,38,79,79,3,200,221,248,189,29,1,99,236,206,254,119,192,144,179,219,119,238,199,183,158,173,191,245,91,79,0,9,215,3,104,127,248,53
0,253,5,0,0,115,0,98,219,254,192,155,222,81,234,247,0,0,0,0,0,0,0,128,1,2,0,104,126,49,64,159,29,32,252,239,204,126,246,217,17,178,223,119,136,55,241,244,188,157,183,112,202,211,255,223,159,70,65,250,53
72,205,3,76,19,160,231,63,194,254,141,131,197,113,238,15,2,224,175,52,145,19,9,0,34,86,70,2,122,249,184,221,123,247,134,64,202,124,127,137,123,3,252,103,204,30,132,165,233,53,189,211,27,94,72,246,247,123,127,34,33
112,89,2,168,107,208,188,246,31,216,137,55,2,87,136,55,32,0,8,252,229,18,252,96,130,7,7,3,114,238,63,147,221,102,255,239,0,64,144,217,179,3,216,247,42,231,254,190,191,247,243,127,79,192,133,3,2,198,97,255,63
1,6,8,4,128,1,96,171,112,133,88,15,0,0,98,7,0,96,7,168,0,0,112,0,1,2,0,12,2,0,160,110,179,219,20,128,183,9,192,22,5,254,2,193,137,116,1,0,0,72,16,0,176,189,98,0,236,99,188,63,0
165,114,108,4,128,15,88,139,100,3,114,28,3,0,236,255,221,97,39,200,0,12,112,247,1,0,0,252,7,0,159,102,162,187,49,17,119,143,0,2,76,220,3,8,243,192,125,124,11,6,1,16,240,119,2,4,133,3,240,238,31
225,9,74,254,1,221,252,127,2,248,137,51,156,103,0,62,17,224,207,191,233,0,64,96,211,167,3,128,255,239,191,95,255,247,7,8,128,96,245,213,41,40,252,133,15,15,8,136,31,255,255,191,190,176,128,0,132,195,240,238,15
1,237,13,4,0,112,0,16,89,206,228,209,235,123,252,223,1,64,0,8,0,0,64,128,1,2,0,0,190,21,8,128,48,32,4,132,87,43,210,74,145,214,74,127,240,181,160,174,184,7,96,249,143,122,255,255,223,195,122,246,3
39,2,252,7,128,31,24,128,224,7,16,158,3,2,224,199,253,127,7,200,0,4,240,255,1,0,0,252,7,0,7,0,128,0,48,17,255,15,0,0,68,252,1,156,19,192,255,191,0,16,0,17,15,0,230,205,207,35,248,255,24
90,237,145,235,123,242,135,118,223,248,128,1,235,127,252,31,34,158,136,255,253,19,143,8,226,199,199,3,254,255,192,223,127,102,79,12,68,96,255,253,17,176,255,127,0,63,0,128,158,223,255,253,239,241,255,11,8,196,1,255,63
11,140,191,79,0,160,231,32,16,220,200,227,255,255,63,192,167,118,128,8,0,0,0,8,106,253,254,98,94,187,96,64,16,0,4,130,32,104,211,77,155,10,254,65,168,245,191,255,235,127,248,135,7,0,0,224,245,243,255,47,1
97,237,79,6,0,153,180,100,154,244,143,3,12,65,136,244,31,113,4,140,128,0,112,192,1,3,2,16,245,143,127,27,89,68,254,200,136,68,228,145,35,35,177,253,15,30,96,64,24,12,195,48,200,103,159,191,31,7,0,204,63
33,242,253,7,128,119,8,0,101,43,48,108,6,193,159,252,191,127,70,8,0,0,112,150,17,34,0,248,255,0,65,170,2,0,112,21,127,161,138,42,84,84,8,10,176,224,255,255,254,156,150,97,9,128,63,127,90,46,1,144,48
247,241,200,247,241,255,199,127,1,24,128,168,255,245,238,7,17,254,247,255,240,8,79,120,225,195,195,253,127,255,192,255,95,0,232,255,0,240,127,1,26,0,252,0,48,1,252,159,255,255,255,255,255,255,3,0,4,0,120,255,1
1,13,206,7,0,255,240,36,146,148,73,3,0,65,204,255,31,246,135,136,0,0,112,128,1,2,0,224,253,255,240,255,31,64,144,136,143,8,68,17,35,34,82,213,14,55,0,16,0,28,128,1,8,64,1,31,2,2,65,232,63
192,49,128,64,184,255,131,206,31,56,0,142,70,129,170,55,0,130,132,241,240,15,79,24,97,194,193,252,127,255,0,121,193,255,255,255,0,224,143,255,1,12,4,128,0,240,121,98,154,8,0,0,224,155,127,13,76,4,0,177,32
0,248,133,193,48,246,71,12,198,251,3,216,237,0,119,195,0,46,128,3,112,3,7,56,224,192,193,225,255,255,65,212,2,180,160,54,239,123,31,45,250,0,252,1,49,32,225,103,248,9,63,112,192,191,255,254,253,13,0,0,1
120,125,0,224,123,255,53,118,223,254,128,141,133,32,255,11,2,128,200,246,249,223,15,128,243,231,231,35,254,223,56,152,153,230,255,253,205,111,254,249,17,48,248,127,0,222,89,44,20,1,0,40,226,255,255,139,1,236,16,118,3
74,232,147,205,50,230,207,217,12,33,63,0,203,115,238,31,35,222,136,31,241,17,143,120,226,207,199,195,121,255,207,57,70,14,201,49,20,226,152,251,1,132,64,254,127,1,192,29,120,23,255,241,143,119,254,255,255,223,7,0,15
101,253,77,38,65,255,252,118,219,250,160,73,175,105,253,154,17,121,68,142,200,0,72,228,241,35,3,242,255,143,191,153,125,102,199,108,204,110,254,249,17,144,249,127,96,7,224,109,124,143,239,248,206,247,255,255,191,79,0,98,7
165,247,77,2,136,255,56,139,255,15,112,238,231,177,255,195,0,32,0,0,0,8,112,254,241,163,3,252,255,143,127,234,159,250,213,255,253,15,128,255,89,252,47,2,144,240,241,127,252,143,255,248,255,255,255,255,255,5,0,113,0
64,237,3,0,0,112,131,237,182,181,15,3,135,97,236,127,0,0,0,0,0,0,0,0,3,206,4,0,152,255,0,59,211,206,220,153,156,233,204,51,103,98,50,253,15,116,193,28,48,15,230,96,142,115,238,255,255,207,97,252,31
97,253,3,0,0,221,124,52,154,254,141,9,135,97,255,30,0,32,0,0,0,0,96,192,129,1,0,146,255,207,62,212,61,117,167,238,234,126,119,80,186,187,253,183,38,7,33,125,72,15,233,144,142,246,223,181,183,211,247,110,7
0,237,131,64,16,246,71,44,208,189,91,143,135,97,254,63,0,134,128,17,49,21,3,152,98,196,196,96,248,255,224,8,23,194,68,152,199,43,222,120,33,246,122,223,139,244,225,127,120,14,202,160,140,255,254,253,255,159,129,204,31
33,125,76,2,73,187,52,86,219,254,164,205,199,33,255,207,24,17,70,196,136,140,248,236,17,35,2,178,255,143,60,130,137,102,254,222,239,13,162,153,49,49,255,103,68,222,19,255,128,27,112,0,2,184,245,227,195,255,253,255,1
97,253,77,36,128,187,240,118,219,222,224,137,197,48,255,11,17,97,68,136,8,8,64,132,17,34,0,184,255,9,248,153,125,102,198,204,204,124,247,221,17,51,255,119,192,191,33,110,136,11,113,16,199,190,255,247,197,193,190,119,3
8,253,131,64,112,254,39,36,210,253,75,211,235,123,255,26,0,22,128,5,176,0,11,88,242,229,239,99,253,255,240,0,19,64,4,152,206,127,255,112,225,242,255,255,15,180,224,63,248,7,255,240,207,255,255,255,255,151,128,68,31
37,253,204,34,73,187,112,50,233,222,224,9,197,32,255,207,191,243,239,132,136,143,121,204,17,35,34,58,255,137,252,138,152,32,82,196,239,15,162,153,17,49,255,119,192,31,1,236,207,15,97,0,214,124,243,231,199,195,254,255,3
0,237,13,0,0,176,52,18,73,218,228,129,193,120,255,203,1,0,0,0,0,0,0,128,2,0,4,0,254,29,56,128,45,96,3,108,193,6,54,216,176,177,217,118,68,15,3,207,192,27,120,129,7,188,242,229,245,243,254,47,3
8,237,3,8,18,160,39,164,182,181,75,211,106,127,251,52,0,0,0,16,1,17,1,0,98,204,206,2,152,191,32,8,179,202,84,153,149,169,204,114,33,254,51,255,11,116,224,19,248,20,191,241,143,79,254,253,255,31,197,8,52
7,253,205,6,0,251,33,100,150,189,75,255,255,107,244,218,49,119,0,8,0,0,240,221,119,239,34,80,220,15,33,0,0,229,164,156,206,249,126,8,115,18,58,127,128,244,243,255,124,31,107,177,134,33,255,255,191,133,128,102,15
75,237,223,79,18,242,167,100,146,180,15,159,139,115,236,223,127,223,156,249,243,16,129,152,231,207,206,32,152,255,96,53,91,68,172,217,136,248,126,17,103,35,48,255,13,252,227,30,0,22,226,49,15,96,238,255,223,199,113,255,31
33,242,13,0,128,13,26,18,73,218,164,141,199,241,255,199,1,32,0,0,0,0,112,128,1,0,0,248,127,212,30,196,36,49,33,38,102,114,59,68,152,152,252,1,114,131,129,102,224,9,52,64,51,222,120,241,240,251,127,51,32
3,224,143,1,0,246,11,64,150,249,15,254,203,127,232,255,33,108,0,0,0,0,240,61,227,198,197,193,184,127,3,0,1,197,161,56,138,83,28,49,238,35,112,156,15,224,227,188,56,23,231,113,14,195,255,255,255,143,1,248,63
32,248,1,0,168,255,10,149,235,82,133,140,195,113,254,31,0,0,0,98,64,143,127,124,128,0,1,249,255,255,31,215,197,117,251,110,161,2,16,84,186,185,220,148,34,199,33,94,136,15,241,16,255,255,235,215,215,67,123,255,53
75,232,153,221,16,102,195,47,146,180,11,159,139,99,232,63,33,230,159,239,49,16,243,185,99,196,196,96,152,255,192,127,23,65,172,136,130,120,92,16,226,34,114,221,11,116,104,24,18,126,247,52,191,249,230,1,255,135,97,255,63
1,248,141,4,0,119,3,128,227,16,1,158,139,99,252,223,29,110,0,0,0,0,240,56,0,0,192,225,188,119,1,2,225,69,177,40,139,2,0,17,250,32,124,159,3,225,105,31,136,7,241,16,191,255,246,237,255,131,248,255,31
32,63,68,32,222,27,32,170,247,173,88,255,68,16,50,65,24,1,70,224,12,255,251,223,17,34,32,124,199,0,117,255,19,99,252,255,247,185,78,8,17,126,26,79,136,188,80,34,148,128,18,56,241,143,63,94,72,36,0,17,32
1,240,4,129,176,255,11,192,207,123,1,188,215,209,238,119,0,12,0,131,112,8,119,127,225,194,193,253,123,255,11,30,192,183,251,126,47,0,0,0,2,0,252,0,115,193,241,126,188,15,151,32,224,255,255,223,223,47,1,241,48
207,129,255,255,35,192,223,63,128,113,31,0,0,127,136,190,255,255,255,127,227,23,166,160,194,4,253,3,48,254,207,255,31,192,8,24,128,177,124,112,228,228,115,252,15,0,0,0,0,180,198,255,79,67,13,159,27,142,65,232,63
15,136,255,239,0,246,3,64,134,184,11,82,233,127,245,216,255,127,219,47,41,0,240,125,16,236,239,83,188,15,193,22,3,0,128,8,139,65,4,17,254,3,252,141,3,32,126,220,223,255,255,63,14,128,128,0,1,135,225,239,31
161,247,7,0,128,239,63,169,116,167,122,198,195,123,255,167,1,96,0,0,0,0,112,248,0,0,192,255,123,255,247,68,63,209,39,250,166,63,125,4,232,255,255,129,15,195,32,31,200,7,249,144,255,255,246,237,255,19,252,15,10
33,62,64,32,126,213,24,38,219,255,192,255,4,0,51,0,0,33,74,66,73,223,254,180,211,36,36,17,246,6,15,0,164,119,37,170,255,127,87,64,184,186,254,213,42,231,219,35,148,0,0,40,65,137,255,122,72,124,8,17,0
32,253,5,0,0,179,32,195,105,0,160,140,193,48,118,75,0,0,0,8,0,0,0,0,16,32,32,24,207,8,52,160,200,40,26,69,80,132,162,139,20,21,9,126,64,223,225,69,120,9,47,240,194,127,255,255,255,3,0,0,1
31,232,217,239,113,254,31,192,20,32,91,58,223,103,0,255,127,159,141,255,251,27,95,120,225,239,3,226,249,255,53,2,224,114,85,36,229,10,128,253,1,184,254,83,160,229,255,223,126,249,255,253,2,129,255,189,188,12,0,0,39
1,125,4,0,0,179,224,159,230,3,19,8,4,0,221,154,28,226,143,0,0,31,113,136,0,0,0,32,220,27,224,190,171,238,18,93,223,5,160,187,116,117,129,238,68,154,97,97,120,8,11,176,240,239,191,61,60,21,128,0,30
8,254,128,64,241,239,231,239,182,132,75,159,131,97,236,63,0,6,131,229,176,15,123,216,96,193,194,98,217,191,96,247,87,13,252,255,10,216,74,0,255,2,2,75,152,244,97,124,8,8,1,16,240,127,230,237,239,3,224,255,63
33,253,3,0,0,200,127,18,73,254,228,133,195,113,255,15,1,96,2,8,0,0,32,128,131,1,0,0,126,255,223,196,60,33,39,228,98,62,119,128,152,187,255,115,228,207,0,31,192,7,248,128,47,252,255,225,255,255,253,15,39
74,169,137,220,17,230,199,45,130,16,15,214,129,58,117,10,4,230,253,47,177,18,211,88,32,254,199,98,254,191,224,247,191,165,134,0,203,77,0,137,254,3,252,111,208,90,173,15,8,249,127,144,178,62,82,244,245,1,190,34,3
1,127,0,0,0,187,112,143,230,7,19,14,4,0,213,152,28,100,135,229,32,14,115,88,0,0,0,116,217,191,225,254,187,234,18,21,255,15,128,187,116,117,1,110,80,216,225,97,88,8,2,32,240,255,63,126,60,4,128,0,24
90,232,129,239,123,254,199,253,142,16,15,0,162,127,253,62,4,254,219,127,251,22,191,124,224,196,239,227,253,255,192,255,95,64,184,8,128,80,4,17,254,35,252,157,7,64,252,30,8,244,255,255,255,255,143,15,7,2,64,252,63
65,120,0,207,113,238,223,127,65,248,240,255,239,32,247,11,0,64,10,79,241,20,174,252,251,1,228,195,254,255,135,141,246,231,47,36,66,48,90,0,144,242,255,127,240,165,223,239,255,47,24,128,17,12,48,248,248,252,156,3,0
26,253,133,66,113,255,167,237,158,16,15,215,235,123,244,26,0,86,128,13,177,0,251,125,242,237,239,99,253,191,96,191,159,100,250,253,205,4,134,187,51,49,152,254,0,26,224,29,248,15,255,240,239,255,255,255,255,7,128,4,15
240,243,0,147,245,206,255,127,31,251,183,252,207,81,254,39,0,0,135,231,245,94,255,250,224,1,193,235,123,255,159,213,111,245,175,126,42,115,127,0,250,3,252,137,55,128,191,255,255,127,188,0,18,92,96,240,246,251,255,187,33
64,48,0,244,176,127,203,175,178,132,75,15,4,0,136,63,0,224,151,255,240,14,127,120,0,130,128,244,249,255,37,79,245,223,253,170,129,10,84,80,161,170,86,213,171,245,41,64,0,8,1,0,240,255,103,5,204,0,8,251,32
48,252,1,54,197,143,188,211,29,72,244,133,1,248,255,7,0,16,3,252,255,6,56,100,0,1,50,255,247,140,63,199,216,51,255,230,1,0,0,140,25,155,255,33,244,223,190,31,0,193,120,223,239,252,243,193,225,241,254,127,3
128,207,3,8,2,128,119,45,182,181,95,6,131,99,252,62,2,224,0,16,0,1,0,0,2,132,140,0,144,175,167,40,59,202,70,217,149,173,236,186,97,245,179,255,29,152,64,41,80,2,74,161,12,37,222,253,255,223,133,14,31
48,253,128,64,120,255,37,150,235,94,165,13,129,32,118,11,0,10,129,166,216,143,93,108,160,98,67,179,255,223,152,218,171,247,210,72,255,15,128,189,34,33,189,166,4,202,33,44,8,1,0,16,242,255,255,246,245,1,190,103,3
225,242,3,0,128,141,252,169,52,165,91,15,4,128,3,32,0,32,0,0,0,0,112,192,1,3,2,222,81,234,247,127,158,159,247,243,63,239,249,231,207,207,98,152,255,224,225,97,120,0,15,240,240,255,191,61,63,23,128,0,62
195,141,223,5,0,246,195,60,146,253,15,3,0,42,117,202,63,239,207,11,0,0,0,128,243,230,101,48,188,31,192,215,55,196,132,152,136,89,93,49,251,34,124,221,11,116,66,12,0,16,98,241,6,49,255,255,191,197,176,102,15
255,130,147,255,127,238,63,128,125,239,114,128,224,249,255,199,255,255,255,247,244,239,15,240,225,193,195,255,127,255,31,8,160,186,71,0,117,175,137,254,1,252,39,8,241,32,22,135,199,243,250,255,15,0,48,226,96,252,253,31,0
52,15,126,187,239,136,252,115,9,202,244,65,224,184,127,136,239,249,127,119,204,231,28,4,16,32,189,159,231,4,223,247,29,0,56,229,0,0,114,200,191,191,203,119,226,39,8,4,198,251,254,141,103,188,241,0,160,252,191,39,1
31,141,220,75,83,242,229,127,17,172,120,71,0,58,117,136,43,247,202,93,185,149,41,204,122,97,254,50,223,11,240,255,31,0,104,221,0,176,110,10,85,119,3,126,216,252,130,167,224,1,0,255,11,12,121,254,240,124,158,17,32
67,141,255,111,0,50,193,63,128,252,73,135,129,48,246,143,63,231,255,239,16,0,240,136,33,0,0,32,252,63,224,255,119,197,4,8,138,121,92,48,99,98,114,221,11,52,0,8,0,2,64,131,7,32,240,232,237,245,188,79,11
55,173,253,86,129,43,165,225,57,132,252,67,248,62,119,192,255,127,235,44,24,0,176,110,0,116,254,59,239,1,248,215,186,36,20,132,73,9,0,173,91,19,254,75,248,60,32,5,106,249,63,212,178,158,90,180,252,0,158,2,1
112,61,0,58,111,136,188,200,31,104,114,136,199,1,254,95,30,148,1,253,239,31,30,64,0,131,130,66,119,238,247,223,159,164,218,212,73,5,136,237,83,83,253,107,245,24,25,70,134,207,240,0,96,248,241,65,192,244,253,255,32
64,237,129,196,176,255,7,64,85,169,114,142,64,144,63,65,0,6,0,249,248,141,47,216,241,193,192,254,253,255,33,136,64,34,104,125,68,176,255,186,16,252,59,62,16,200,193,111,240,2,30,224,1,63,254,252,255,255,140,1,8
56,205,255,103,129,255,181,204,31,112,15,64,233,123,245,202,255,31,1,248,251,2,240,125,0,238,163,246,253,47,103,183,75,204,186,255,0,192,44,187,254,3,176,174,85,26,8,137,202,250,255,151,165,164,178,0,252,147,254,79,10
0,237,3,192,114,246,199,63,224,255,9,131,195,241,239,39,2,160,135,243,112,31,15,128,225,194,193,224,255,255,192,90,23,80,212,170,239,107,213,117,41,170,254,197,139,245,144,62,164,7,32,75,79,122,233,255,195,234,127,251,37
72,237,131,72,90,242,161,110,151,184,11,15,3,32,254,31,34,130,137,240,185,191,11,8,34,68,228,32,220,63,32,153,217,238,254,221,0,96,230,187,51,51,187,111,68,222,97,63,0,0,0,160,140,253,255,255,255,247,161,207,31
8,61,0,72,26,176,33,36,242,151,79,11,135,1,252,31,32,128,136,16,17,191,139,0,34,78,68,0,136,31,48,10,153,194,86,221,255,45,228,186,33,119,179,239,77,222,211,108,52,139,96,0,64,51,239,254,131,205,50,246,11
63,125,198,67,121,255,119,60,134,255,15,252,7,0,240,63,16,58,204,135,240,158,255,255,243,231,3,226,253,255,124,220,27,65,234,222,238,253,127,16,98,35,189,237,13,218,227,127,120,8,0,0,128,127,254,255,255,31,2,0,55
181,255,205,199,241,255,63,18,249,207,240,253,227,122,255,3,0,26,128,207,252,128,127,255,249,225,227,255,255,255,190,204,125,243,103,2,230,63,127,0,8,252,255,129,4,207,251,191,192,3,32,253,15,156,255,233,235,255,189,63,1
64,253,1,68,81,251,53,54,219,254,128,147,203,115,252,31,0,18,128,156,209,16,137,232,255,231,71,35,253,255,184,140,121,231,6,76,206,253,254,152,48,49,187,127,0,222,97,13,8,3,97,48,198,255,255,255,255,195,176,111,7
229,253,9,38,1,255,244,54,203,254,129,249,255,115,228,143,17,112,4,12,0,0,96,252,255,227,3,240,253,143,190,185,125,110,71,109,220,246,254,251,1,180,217,126,0,7,97,126,222,207,251,48,255,255,255,239,239,131,160,255,11
1,242,173,5,128,39,3,128,166,1,19,190,79,18,32,199,93,102,0,8,0,0,240,59,1,2,0,236,16,115,1,34,130,142,212,145,29,9,128,35,71,70,2,200,153,240,255,223,184,27,119,113,7,0,239,223,223,173,0,245,8
65,205,11,4,0,251,244,44,146,181,15,251,255,105,221,218,1,64,0,8,0,0,192,92,115,239,2,0,221,187,53,153,115,230,204,156,204,105,238,185,35,34,186,255,9,60,129,109,96,15,236,192,150,118,218,255,183,219,247,102,15
200,64,3,8,34,224,95,24,172,115,63,28,14,65,136,60,0,0,8,16,1,55,142,0,130,140,205,3,176,255,15,9,206,142,219,117,0,227,184,251,192,193,225,62,119,193,227,241,112,24,14,224,0,7,158,191,63,31,6,0,63
97,253,77,36,0,187,240,54,219,222,224,139,231,49,255,207,17,113,68,136,0,8,64,196,17,35,2,56,255,8,116,153,25,98,206,204,204,108,230,153,17,49,155,103,192,31,192,124,52,143,230,96,206,255,255,255,155,207,49,230,7
64,189,0,4,0,50,161,100,146,148,75,31,143,97,236,95,0,0,0,8,0,0,64,0,33,66,0,32,201,187,48,57,83,206,204,153,140,232,204,51,33,34,50,253,15,244,97,108,24,11,99,48,198,57,255,255,207,69,144,255,3
101,253,65,38,73,253,120,54,219,254,224,201,231,177,255,11,16,17,68,140,136,136,72,228,147,35,3,144,255,12,255,220,29,119,231,238,238,126,247,220,145,184,255,19,224,135,241,125,124,143,239,112,194,255,255,255,159,77,18,98,7
96,93,3,0,0,248,244,116,154,254,175,9,143,97,252,30,0,0,0,0,0,9,0,0,3,39,2,0,236,143,124,153,27,230,222,220,204,109,238,187,115,115,187,127,64,26,19,253,68,159,232,8,70,112,211,167,131,209,245,238,15
0,237,3,0,82,250,39,20,203,251,133,128,195,121,255,31,0,128,0,16,17,31,11,0,34,70,70,2,252,255,48,144,169,228,146,76,219,69,38,185,118,17,185,126,68,26,16,191,196,135,248,159,79,124,243,231,131,241,253,239,15
90,237,3,192,115,254,167,90,93,248,240,216,255,123,255,30,0,128,128,23,249,145,15,8,247,239,239,227,253,255,56,153,72,166,223,253,64,224,250,251,17,16,233,127,240,10,225,95,248,31,255,224,128,255,255,255,255,255,3,0,15
64,205,3,8,2,240,244,100,146,148,15,27,143,99,220,30,0,128,0,16,0,17,0,0,2,14,14,2,192,143,55,16,121,68,142,200,136,204,228,147,39,35,145,255,12,94,195,201,112,26,207,225,4,39,158,255,191,159,167,68,31
96,232,3,64,16,254,135,82,73,250,240,136,207,97,238,31,0,0,128,16,80,3,15,40,160,198,195,227,255,255,72,137,72,34,234,118,64,112,187,136,16,208,253,59,240,10,225,95,248,15,255,192,138,255,254,253,255,91,87,162,39
3,252,221,7,0,255,32,36,146,181,75,223,207,115,244,223,61,127,79,5,0,0,240,253,17,2,0,16,253,15,245,159,23,64,180,172,203,27,70,16,243,178,122,255,136,245,255,255,221,31,243,49,143,48,247,239,207,131,240,255,15
224,224,1,128,160,102,11,82,75,250,164,137,199,241,239,7,0,0,0,208,64,15,7,128,129,2,1,252,62,119,74,200,20,50,221,174,101,42,211,93,137,184,222,17,170,103,9,94,130,127,244,4,43,248,232,193,210,255,123,255,52
8,237,23,0,2,224,71,0,160,7,95,3,2,127,248,247,35,224,8,0,0,17,0,0,98,204,204,0,152,255,192,8,17,66,64,8,149,169,196,250,33,252,19,255,11,116,194,145,112,20,142,225,9,71,254,255,255,63,7,0,60
79,201,255,79,18,242,71,4,162,181,15,155,253,35,244,207,255,127,140,131,49,24,227,185,231,207,197,32,184,255,192,187,19,0,192,12,221,233,142,123,1,48,56,254,0,176,231,255,253,63,224,3,14,0,128,254,255,195,255,255,31
240,255,0,62,205,153,124,191,255,183,91,15,1,0,253,26,0,209,103,252,141,207,24,68,16,33,50,26,199,136,183,162,250,255,7,212,255,15,106,186,255,247,171,127,212,158,161,100,40,1,0,0,242,255,255,255,191,66,22,34,39
33,168,221,5,0,119,8,0,65,90,160,0,192,112,255,199,191,239,70,8,0,0,96,132,17,34,0,248,254,0,1,128,0,32,64,4,77,98,146,73,16,16,72,50,112,3,0,0,0,1,116,64,231,255,255,255,219,237,59,247,1
3,237,135,64,24,247,1,4,203,90,129,221,207,50,244,15,48,2,140,128,17,28,255,252,227,71,68,32,254,255,200,159,137,103,248,76,207,4,2,25,50,48,248,126,0,202,163,254,136,7,224,0,14,112,255,255,223,195,123,255,7
39,253,205,199,241,255,31,68,130,248,11,174,211,245,239,231,31,127,133,15,224,0,94,120,225,195,195,255,253,255,79,80,1,64,208,10,173,75,133,117,43,40,252,133,15,53,222,255,255,255,255,255,111,251,237,219,91,252,1,241,56
0,237,5,0,0,118,131,68,130,248,141,131,193,122,254,207,1,64,0,8,0,0,48,0,0,0,196,99,254,255,64,85,65,85,168,10,170,80,127,17,250,35,252,133,15,119,224,7,248,1,63,240,179,127,254,253,255,3,18,32,33
79,136,223,5,0,247,11,4,130,249,3,20,137,34,208,222,127,127,200,11,32,0,192,60,243,230,229,225,188,127,193,159,7,68,128,28,200,65,30,121,242,0,252,190,1,64,0,8,0,16,196,115,14,98,206,255,191,143,99,228,31
33,252,221,135,32,252,94,20,138,222,141,241,255,255,238,255,1,120,0,10,64,0,244,248,227,199,3,227,255,255,31,0,5,68,249,40,139,82,20,81,162,160,220,149,38,199,255,255,175,63,245,19,159,120,98,213,215,99,123,255,53
95,232,159,207,113,238,63,16,73,250,164,253,207,115,234,231,191,254,175,79,241,16,255,250,227,197,199,163,127,255,248,144,32,36,128,0,75,82,18,9,210,3,252,123,240,7,146,159,253,247,255,255,15,22,251,255,179,248,127,32,37
96,253,64,32,172,21,8,2,73,206,224,141,195,241,238,39,30,128,7,240,76,207,118,128,1,2,0,252,127,68,15,218,236,55,215,102,111,14,131,205,152,152,252,1,224,199,17,62,128,7,240,8,239,251,239,207,195,231,121,255,0
75,248,185,255,17,102,199,63,0,48,11,30,2,0,200,63,24,230,255,255,243,28,243,249,99,66,64,96,24,255,128,29,227,255,7,0,130,240,76,16,32,32,48,236,15,248,97,124,8,2,0,0,144,125,246,255,255,131,224,239,31
8,114,0,72,54,96,7,128,182,37,95,14,4,128,170,55,2,128,0,240,115,63,7,0,34,196,196,0,24,255,0,8,144,142,253,179,31,43,216,99,1,198,98,217,187,181,193,96,48,8,4,0,0,91,110,255,223,111,3,240,53
1,254,253,0,128,51,32,128,241,5,80,11,4,129,170,245,255,183,7,0,0,79,48,0,0,0,0,124,95,0,96,163,0,0,248,223,17,128,128,158,61,127,3,34,192,94,193,82,128,12,182,0,201,255,255,255,255,111,75,185,48
229,255,237,39,129,255,252,62,199,255,18,2,36,136,59,224,223,127,70,143,136,128,120,244,209,163,35,254,255,14,255,255,31,0,232,254,238,255,127,0,120,120,252,11,17,128,241,99,252,12,31,240,193,127,255,255,127,44,2,16,48
64,93,3,76,18,178,229,118,27,248,141,13,1,32,253,30,0,192,139,248,121,23,1,8,32,64,68,33,252,127,136,133,235,255,15,8,128,16,46,152,112,115,191,239,4,218,104,9,0,0,73,180,253,237,183,45,109,147,164,79,30
229,137,127,15,0,144,120,55,224,214,237,129,228,176,127,195,255,255,127,158,64,0,64,128,135,6,1,128,32,68,222,189,61,2,1,32,222,254,247,219,129,128,64,119,234,231,135,143,129,57,56,131,3,24,96,240,243,255,255,51,1
64,61,0,68,0,242,131,86,11,216,164,5,1,32,245,26,0,192,139,248,177,7,49,0,0,0,196,34,254,191,176,151,245,119,15,36,64,2,18,88,178,179,220,119,32,231,41,13,0,72,97,16,246,255,211,132,165,1,182,102,15
229,253,75,167,1,253,252,63,192,254,165,201,231,49,255,143,25,240,239,143,128,0,104,224,243,3,2,178,255,207,254,255,29,64,97,108,206,254,247,88,160,176,219,247,34,135,63,253,255,63,232,131,22,52,64,160,167,211,255,110,7
96,249,1,132,128,87,202,126,23,248,82,6,1,248,255,10,0,224,35,121,36,0,16,16,0,144,176,216,126,34,131,215,255,247,7,2,225,1,1,61,250,123,252,129,17,120,160,4,0,8,103,112,246,255,255,189,189,1,18,96,3
7,224,159,3,0,238,7,32,16,165,91,159,207,113,238,231,125,126,128,7,0,0,240,123,225,199,195,227,121,255,225,255,31,0,176,176,11,75,0,1,195,2,228,89,255,245,239,255,241,31,188,193,11,0,248,253,255,255,255,11,48
240,249,11,238,65,253,190,214,31,248,133,253,71,209,170,39,17,80,4,254,255,8,248,124,195,135,3,194,255,239,191,187,253,255,71,40,132,34,150,219,1,180,219,254,2,199,209,123,244,6,30,224,105,239,255,123,123,255,3,16,56
120,248,3,128,32,253,154,86,203,250,164,253,139,127,216,62,0,0,8,2,89,144,197,108,179,119,103,3,254,77,26,157,68,103,235,108,64,242,182,73,146,144,216,54,34,199,240,56,48,6,130,121,207,243,255,255,31,143,65,248,63
1,248,13,0,0,34,39,192,178,4,79,191,207,115,236,255,29,0,0,0,0,8,240,249,1,2,0,0,121,255,55,2,192,7,255,224,13,14,128,193,1,2,242,253,255,255,243,254,136,31,240,1,15,248,239,223,207,227,121,255,63
224,224,7,0,160,85,26,70,219,252,128,131,198,241,239,247,151,172,37,145,36,75,6,0,73,146,145,232,127,242,3,80,4,20,201,162,44,98,209,221,139,136,252,1,234,39,26,158,151,247,254,255,79,248,225,195,195,255,121,255,63
3,200,143,71,0,238,39,0,146,244,15,251,255,87,160,245,255,62,0,0,0,0,0,120,225,207,195,227,121,255,48,0,128,4,150,192,13,77,128,191,3,3,164,233,221,222,231,243,248,28,158,225,9,4,62,253,254,63,199,0,52
222,81,246,235,127,252,223,63,194,251,135,252,255,41,221,154,186,191,255,215,253,255,143,248,251,231,231,227,255,255,207,255,31,4,160,116,234,247,127,1,250,1,252,63,114,193,255,255,103,183,100,203,78,0,73,178,3,216,119,226,7
240,240,1,133,161,255,222,118,75,250,160,1,222,229,206,63,0,136,4,151,224,9,14,240,203,131,131,203,127,254,207,219,236,54,193,38,109,98,147,205,138,136,252,17,226,7,96,16,24,68,195,124,254,255,255,13,15,7,65,254,63
32,253,1,36,8,251,176,253,31,16,143,1,143,99,236,127,0,0,0,184,217,10,80,64,0,238,3,144,253,207,62,179,217,237,190,255,8,64,0,155,255,3,152,254,4,94,56,30,142,255,255,60,255,255,231,5,135,131,121,255,31
176,255,0,32,95,153,48,174,255,255,91,15,0,128,155,48,0,0,64,244,175,255,75,68,17,51,34,90,215,8,53,202,219,247,254,223,239,45,239,188,89,123,191,107,213,216,241,21,32,128,4,248,202,95,255,255,19,76,2,32,37
37,236,207,7,129,255,63,20,138,214,173,129,228,249,255,225,159,123,128,14,0,0,80,108,177,99,67,255,255,221,254,85,29,1,160,106,170,126,127,0,250,43,252,129,14,7,128,97,233,15,253,208,159,127,250,255,255,27,126,0,32
252,63,64,250,255,153,244,255,255,255,240,0,32,200,153,48,14,145,239,246,255,255,15,4,16,33,114,187,239,8,254,239,255,251,95,223,225,13,239,190,125,255,191,107,212,26,16,0,148,192,158,253,111,223,255,91,0,124,1,145,48
37,237,79,7,1,221,60,128,186,86,143,205,199,241,255,199,93,125,4,4,0,0,120,117,145,35,3,254,245,207,63,0,132,110,217,237,221,142,150,219,181,180,88,118,34,199,147,191,224,23,252,193,15,58,253,255,243,255,127,113,8
97,237,7,0,0,255,247,52,154,246,143,253,255,241,255,71,0,0,0,0,0,0,64,252,243,227,67,243,253,255,60,24,89,198,206,216,140,253,237,177,35,33,176,237,13,222,193,51,240,4,158,224,137,111,190,255,255,191,7,0,56
225,247,79,38,65,221,60,218,255,111,48,204,231,185,255,203,17,89,4,136,136,0,64,228,209,163,3,216,247,142,63,170,134,238,223,253,221,175,154,251,213,244,11,126,112,193,209,95,244,139,254,224,71,255,253,251,251,253,11,112,0
0,237,3,0,246,238,135,98,27,252,232,143,68,144,47,37,0,0,0,112,0,127,15,0,0,0,80,239,123,253,120,65,84,16,252,254,32,24,85,68,169,170,254,193,174,55,192,31,240,15,254,224,15,255,255,255,251,255,127,177,32
0,239,3,0,118,34,71,34,81,255,240,139,68,144,187,37,0,0,0,0,0,95,15,0,32,64,212,99,126,243,96,192,16,48,116,214,231,63,235,140,25,251,255,1,248,62,225,103,248,9,63,64,130,127,255,255,255,123,30,34,33
247,243,203,231,65,255,254,189,166,49,15,252,255,249,255,15,17,127,199,143,248,0,126,124,241,227,131,247,253,239,191,187,255,254,7,9,156,225,254,255,101,100,0,254,15,216,245,63,105,3,4,210,222,127,218,254,183,75,118,96,7
225,253,9,4,0,255,252,126,223,255,133,128,197,176,255,3,1,64,0,136,0,0,64,228,209,163,3,240,255,15,255,153,127,230,207,252,204,127,254,249,17,240,248,127,48,32,192,7,240,9,126,224,199,127,255,255,255,255,10,48,0
64,233,3,0,0,240,3,68,130,16,11,3,64,16,242,193,1,0,0,8,0,0,0,0,34,198,196,32,152,255,0,128,0,102,216,12,205,96,134,123,51,16,24,127,0,52,192,9,248,27,127,241,135,63,254,255,255,255,166,4,11
225,253,73,36,0,253,248,62,223,255,240,128,229,184,255,131,17,225,68,136,8,0,64,132,145,35,3,216,255,14,191,153,127,230,207,244,76,111,255,253,145,208,255,127,240,33,192,102,180,1,54,96,67,255,255,255,219,252,19,50,1
74,224,151,72,18,226,7,224,52,132,95,147,78,83,170,247,34,6,136,0,49,17,131,24,98,204,204,33,152,255,0,8,144,130,92,145,21,41,192,99,1,198,34,95,187,244,227,247,248,21,191,241,11,71,126,253,255,31,71,0,53
65,237,13,4,0,241,224,86,203,218,164,1,197,32,247,203,19,98,132,136,16,0,64,8,51,102,64,32,252,31,248,153,9,102,194,76,204,100,166,251,16,48,153,126,64,10,33,78,136,155,113,16,135,56,255,254,199,225,190,119,11
96,253,1,0,65,255,252,118,219,254,160,205,231,97,255,31,0,0,0,0,128,8,72,192,145,35,3,242,255,143,190,153,125,102,199,236,204,110,246,251,17,145,249,127,96,143,241,125,124,143,239,240,206,255,255,255,191,195,50,230,7
62,124,228,227,255,255,160,192,31,184,72,223,239,49,246,75,60,31,207,231,253,255,255,126,115,231,226,114,255,15,48,1,192,247,255,254,0,0,2,13,123,18,252,3,128,244,127,191,142,215,97,189,207,176,247,135,1,193,248,255,15
120,125,0,194,127,255,183,114,95,248,240,197,195,120,255,11,0,144,128,246,253,223,15,232,242,229,231,227,255,255,62,201,253,243,127,254,228,36,255,252,57,248,255,135,0,223,112,63,20,3,0,253,239,255,255,239,3,196,144,255,7
224,253,3,0,0,249,60,108,158,245,15,26,143,97,220,30,0,0,0,0,0,0,64,64,1,3,2,146,245,143,63,24,91,198,206,248,140,125,252,241,99,99,241,255,15,24,97,93,88,15,235,176,206,127,255,255,191,135,160,238,15
31,125,220,227,123,255,7,68,223,252,1,255,143,1,224,223,252,31,140,199,241,255,255,255,243,199,199,225,252,255,0,16,1,207,245,253,223,255,92,17,34,34,16,255,15,244,255,255,158,23,0,41,8,128,255,143,3,132,65,255,63
72,237,15,4,0,240,207,4,130,48,15,28,133,32,244,143,1,96,0,8,0,0,0,0,227,207,7,0,248,255,195,59,45,70,193,40,140,226,180,243,35,32,208,252,15,195,227,107,112,2,78,224,4,39,254,255,255,191,6,0,10
65,248,1,0,128,119,67,6,195,218,128,137,199,113,238,63,0,224,0,0,0,0,0,128,33,66,64,236,57,255,200,154,0,34,64,4,109,100,130,237,16,16,252,2,112,138,97,122,152,14,211,48,141,249,239,221,223,167,65,255,62
79,249,129,199,241,255,247,255,31,0,75,255,143,0,244,15,0,36,151,135,240,46,255,127,229,203,195,231,249,255,33,221,255,255,255,254,0,112,127,0,34,34,252,197,11,244,233,127,248,15,11,176,240,255,255,253,255,3,128,0,10
224,115,0,212,225,239,191,255,31,248,122,143,199,241,239,7,0,128,4,252,246,15,79,64,129,195,3,254,123,255,62,213,246,255,191,254,0,80,91,69,251,139,252,17,187,165,5,126,223,7,80,0,245,127,224,225,227,243,253,255,8
252,226,131,215,241,238,223,219,13,0,176,192,227,255,255,7,0,206,179,255,246,0,31,122,232,209,219,255,123,255,139,247,238,189,43,7,0,208,59,14,222,221,1,0,240,65,40,7,0,104,255,214,255,255,242,33,252,51,254,15,32
1,240,111,5,128,15,10,128,168,2,165,189,95,87,168,247,221,126,4,8,0,0,240,255,1,2,0,252,9,245,8,68,4,17,113,34,47,18,17,68,136,136,220,129,102,199,225,120,56,6,199,112,252,127,239,223,95,3,67,248,62
3,237,223,203,115,254,7,4,130,245,15,27,207,97,252,223,63,255,141,135,241,24,223,120,227,231,199,227,252,255,64,138,1,96,208,125,221,47,134,251,49,180,88,126,0,195,247,255,252,159,255,249,15,2,255,255,27,157,2,64,11
224,89,3,12,67,200,190,122,93,255,246,12,131,225,255,30,0,128,2,252,193,31,8,128,0,1,6,2,119,236,191,169,252,255,15,96,0,166,242,251,149,245,203,126,246,135,13,253,67,7,0,128,54,116,208,161,179,251,255,46,7
56,79,3,0,126,224,63,44,254,247,15,195,229,185,255,8,2,128,0,48,0,255,15,0,0,164,255,131,247,238,31,64,149,84,149,170,255,79,85,117,251,171,254,213,11,117,144,5,100,145,44,203,66,22,89,246,179,248,255,0,7
97,253,13,4,0,255,0,2,65,250,176,128,195,113,254,223,17,96,0,8,0,0,64,128,241,226,1,240,254,7,0,136,0,34,64,4,76,99,154,253,16,80,252,63,112,64,224,20,56,5,167,120,206,251,255,255,159,14,1,240,55
33,242,13,4,128,15,53,129,105,2,224,253,67,81,250,231,25,96,0,0,0,0,112,254,1,0,0,252,127,208,56,70,136,25,51,99,51,6,1,132,140,141,133,0,238,207,169,119,232,5,189,208,171,222,122,245,246,114,254,51,33
240,255,3,128,97,220,62,54,251,255,164,197,163,248,255,10,0,160,64,22,200,129,12,64,144,33,183,219,247,206,191,161,253,255,7,36,80,130,246,255,181,183,75,126,226,199,192,63,240,7,76,224,79,255,255,255,251,255,167,0,11
24,79,23,8,126,128,55,244,186,214,239,65,163,107,221,120,102,128,9,112,131,255,15,0,2,12,252,3,128,223,126,55,29,64,254,255,128,12,116,211,191,167,211,245,14,63,16,9,68,130,72,251,79,100,219,255,3,217,247,78,31
33,252,205,4,128,255,97,163,113,12,80,223,237,58,118,203,9,98,128,8,0,0,112,254,49,64,96,248,255,31,32,164,16,41,116,133,215,185,66,8,20,118,10,95,144,52,32,111,249,7,123,176,183,127,246,252,255,3,188,39,3
1,252,140,0,16,114,1,0,211,253,64,159,207,113,238,223,57,6,0,0,0,12,241,152,99,64,64,96,126,243,32,0,128,83,244,154,239,57,197,20,9,106,254,193,137,252,123,255,152,31,243,0,15,249,247,205,207,231,249,255,31
195,3,27,158,1,192,255,63,4,99,127,0,0,66,136,188,63,240,255,255,129,8,64,128,3,2,0,0,112,255,247,255,255,142,2,16,28,229,168,227,69,69,161,120,255,88,128,0,0,0,6,225,8,71,31,127,58,30,3,0,60
97,169,76,4,128,255,64,46,209,253,64,131,253,241,238,135,17,100,132,9,0,0,112,252,113,195,0,248,255,63,225,223,23,2,216,186,173,43,205,125,1,232,254,133,11,52,0,14,128,11,114,32,103,249,255,203,201,245,185,255,0
3,237,157,71,0,246,199,52,130,252,141,223,207,35,244,207,57,111,136,0,16,0,225,189,247,197,197,33,188,127,8,4,1,69,160,140,206,248,127,16,50,34,248,255,8,180,227,239,249,31,127,144,134,63,254,254,255,211,182,102,3
33,189,124,38,128,25,240,38,209,188,72,131,68,144,255,195,159,245,103,140,0,0,112,132,17,34,0,88,223,0,245,223,31,0,240,190,239,11,195,92,25,250,254,67,168,53,0,102,132,143,48,0,243,127,227,231,195,224,253,255,33
3,200,191,3,0,232,63,16,8,238,252,1,8,66,128,252,255,254,143,14,0,0,128,192,163,5,7,3,121,255,254,255,31,0,64,192,4,124,248,129,1,1,227,121,255,31,0,0,112,0,143,240,136,71,190,127,127,31,134,0,62
1,0,159,1,0,230,7,0,0,120,55,0,131,97,236,255,127,62,0,0,0,6,48,0,0,0,0,224,121,255,1,0,128,0,57,32,3,2,0,64,194,128,236,56,119,1,0,248,10,22,193,17,140,224,130,5,135,131,113,255,63
3,237,143,6,1,254,247,125,4,241,63,0,203,123,254,159,119,254,157,15,0,0,208,120,129,207,3,131,249,255,254,183,27,128,170,84,72,213,46,169,118,83,169,126,85,88,0,13,0,10,255,240,207,255,255,255,255,215,180,111,11
65,233,223,4,0,51,225,63,128,241,15,136,199,113,238,191,31,224,223,13,0,0,112,128,1,0,0,116,221,31,240,255,27,128,130,80,136,69,44,185,114,65,189,175,85,152,255,255,255,63,209,19,156,96,128,207,207,131,105,255,30
160,127,0,0,200,157,56,178,249,206,224,143,70,209,239,39,0,128,7,240,132,79,76,128,1,2,0,248,127,200,63,218,190,183,247,246,111,15,195,237,25,218,238,67,240,245,129,118,128,13,144,0,73,219,239,219,210,110,91,251,52
1,224,15,1,0,236,31,64,12,243,63,0,2,65,136,254,1,28,0,0,0,0,48,112,192,129,131,195,121,255,31,0,64,1,107,96,2,54,56,64,128,193,225,123,255,3,224,17,120,4,143,240,140,119,222,189,191,15,2,0,63
10,237,221,108,26,178,97,44,146,189,75,219,239,123,246,207,55,7,136,176,57,155,195,28,115,230,70,32,220,27,224,140,59,97,36,140,247,61,111,16,113,127,191,239,8,252,255,223,239,255,255,31,15,16,64,129,131,195,127,255,39
0,237,1,0,18,98,7,34,113,239,240,195,227,127,255,15,0,0,0,16,17,23,1,128,34,68,244,35,126,241,0,128,144,32,84,148,87,11,194,42,81,214,42,91,184,116,224,23,232,21,191,253,143,223,255,255,255,122,94,34,33
193,201,11,220,0,98,195,55,80,220,200,191,219,119,236,63,1,224,143,91,17,0,128,136,34,68,196,32,58,247,128,13,245,255,5,128,134,250,223,0,1,254,126,221,139,53,47,250,255,127,255,23,56,64,0,0,254,3,121,255,62
65,253,9,4,0,255,161,100,146,188,75,139,199,113,254,95,19,192,4,152,0,0,64,0,1,2,0,240,253,191,161,155,243,230,220,140,201,72,198,57,51,50,126,223,8,116,97,94,152,15,243,16,255,253,231,207,207,131,248,255,31
95,141,253,255,89,255,165,245,30,208,143,19,137,122,244,207,255,127,223,239,249,0,249,125,243,231,199,35,253,255,240,191,31,0,184,221,136,64,6,155,119,35,152,254,0,30,47,223,223,255,255,151,63,128,0,0,228,195,252,111,15
181,255,76,38,201,255,176,255,31,128,73,255,239,91,242,37,16,17,68,140,248,136,120,127,241,227,35,254,255,15,117,253,95,181,236,255,2,240,127,0,254,83,62,75,145,56,253,83,255,238,255,254,249,255,35,68,68,32,136,25,56
96,93,2,206,113,254,247,54,202,254,165,141,131,32,255,15,0,224,143,247,240,31,15,72,32,65,67,227,255,255,184,196,253,247,7,0,239,63,119,220,185,187,255,133,0,207,129,95,0,9,32,0,2,254,250,245,247,251,255,39,3
97,93,15,4,0,249,248,118,219,222,200,11,4,0,241,200,17,64,0,8,0,0,64,0,17,34,0,16,253,15,255,152,29,102,199,236,204,110,246,217,145,176,219,119,160,39,64,104,20,138,66,32,68,165,191,126,9,157,128,68,26
97,253,77,38,1,255,240,46,211,252,0,11,199,97,255,159,17,113,68,140,0,0,64,220,113,227,2,240,255,15,245,152,59,230,70,68,204,109,238,249,17,48,251,127,64,30,112,126,220,143,251,184,255,255,255,255,207,131,160,255,15
72,201,3,88,22,32,131,209,31,64,183,12,6,65,168,55,0,128,136,248,119,63,7,0,39,78,76,0,8,119,8,153,200,174,250,93,0,96,162,171,0,17,137,110,84,26,212,152,255,246,223,255,221,99,12,127,27,143,67,208,62
55,8,252,255,73,255,60,0,72,218,164,1,253,177,111,203,255,95,228,159,253,136,204,254,251,247,35,250,255,141,126,202,4,0,88,102,101,34,130,221,1,152,253,3,96,135,15,238,239,127,48,7,3,16,64,128,224,249,255,127,1
0,224,5,0,18,98,3,14,199,123,3,0,129,122,255,207,2,0,0,16,0,23,3,0,0,196,212,1,62,119,0,144,2,164,176,20,91,67,10,41,222,18,104,90,176,32,128,133,96,17,45,209,7,22,254,252,253,91,190,2,1
192,205,3,4,0,144,180,116,154,214,143,131,70,81,238,119,1,64,0,8,0,0,0,0,1,6,0,0,224,221,94,25,83,198,204,152,140,105,204,245,99,98,246,205,15,52,128,28,32,15,228,64,14,122,235,255,211,235,127,250,55
128,198,23,0,34,208,30,152,172,99,55,64,42,111,217,248,2,32,0,0,0,19,6,0,2,140,173,3,176,110,79,170,7,194,81,125,213,39,158,250,224,252,121,190,51,0,192,16,112,20,206,251,14,71,159,191,63,159,67,128,63
72,233,147,72,114,226,167,228,150,180,15,31,135,1,252,95,34,6,136,49,241,63,143,24,98,206,199,35,248,255,0,9,81,66,252,249,128,32,204,243,33,228,114,255,15,180,227,253,248,15,76,0,0,119,254,255,255,223,39,0,31
74,232,147,72,18,226,71,44,146,181,11,147,203,115,236,63,32,134,136,17,49,17,131,24,98,206,196,32,152,255,224,24,51,198,196,136,156,233,204,115,33,34,50,221,139,116,226,158,184,23,247,113,143,115,238,255,223,207,97,252,63
96,93,7,0,0,152,116,52,154,254,173,1,135,97,253,222,1,96,0,0,0,0,0,0,0,0,0,0,237,141,254,151,27,224,134,220,203,93,110,185,115,115,187,255,68,26,0,92,0,15,224,0,142,244,211,167,167,195,245,238,15
64,205,3,0,0,160,53,36,146,148,207,3,2,67,200,62,0,96,0,0,0,0,0,0,2,12,76,2,128,255,48,8,249,66,86,200,133,44,228,179,33,39,147,253,15,126,64,25,80,6,202,161,12,101,158,125,127,151,229,140,62
0,253,3,64,114,238,39,18,203,254,164,141,199,97,255,31,0,2,128,16,16,31,15,8,32,64,196,227,127,255,24,128,8,34,242,222,239,61,234,168,16,121,255,107,212,154,161,127,232,15,237,64,138,255,255,255,255,203,127,234,39
7,188,252,7,128,255,64,46,212,189,90,255,207,115,230,207,253,127,198,141,0,0,240,255,123,3,0,120,255,59,225,223,19,0,116,152,175,57,204,48,97,98,126,205,153,244,127,159,144,91,114,33,7,161,247,201,201,229,160,255,10
0,240,1,0,144,119,129,205,31,0,11,130,195,241,255,7,0,0,0,248,32,11,18,0,0,130,128,252,189,55,1,215,200,61,186,255,0,64,1,141,254,3,140,0,208,26,16,30,132,231,241,127,255,251,225,195,67,225,121,255,8
64,0,11,4,0,48,225,12,134,49,15,26,12,2,16,24,0,96,0,0,0,0,0,0,3,142,4,0,144,191,225,25,103,198,201,56,140,227,156,115,32,32,112,188,7,0,192,225,120,24,15,225,0,7,159,254,63,28,2,0,15
165,207,239,7,129,223,124,141,166,55,31,2,137,99,244,222,255,125,71,15,128,0,240,247,17,35,2,222,245,142,247,255,31,0,176,125,219,159,62,34,246,247,33,126,81,8,0,8,8,10,203,176,252,125,151,175,47,131,160,79,31
8,141,0,72,94,32,165,228,159,148,141,143,70,81,250,103,2,128,0,112,147,255,11,0,2,68,76,2,136,155,48,17,217,68,254,255,136,72,100,145,255,3,144,229,13,62,147,214,164,157,181,73,75,90,123,247,131,104,127,187,33
8,240,129,68,16,255,135,225,31,0,88,191,203,115,236,63,0,2,128,232,49,10,243,121,97,194,192,96,56,255,0,175,210,171,252,255,0,128,192,10,5,246,2,94,152,244,233,126,152,5,179,48,235,255,255,205,254,3,80,255,53
37,237,125,2,128,153,60,36,219,254,205,67,104,94,51,224,255,123,0,4,0,0,48,198,24,49,50,26,199,136,126,85,29,0,168,234,170,254,127,1,250,3,252,129,14,63,160,161,248,0,15,249,131,7,127,255,255,24,6,0,32
72,253,3,72,18,114,129,228,31,184,11,203,229,185,255,11,0,128,128,56,57,147,3,0,34,238,228,32,156,51,32,17,209,228,254,255,0,64,204,191,123,35,188,239,9,252,1,111,192,3,96,0,134,60,242,229,247,243,254,111,3
97,189,220,2,8,187,160,64,27,248,128,147,255,115,236,223,255,19,0,128,0,8,192,192,59,71,2,0,206,153,60,1,64,5,250,239,0,240,119,129,34,1,221,247,68,95,122,158,158,223,243,61,239,208,231,131,128,64,113,255,39
0,173,1,0,0,34,67,2,65,248,48,0,0,18,224,39,0,32,0,0,0,0,0,128,32,64,196,32,58,115,0,136,40,34,66,68,68,36,170,168,16,93,175,107,208,90,225,70,184,9,55,112,130,219,255,253,254,6,0,178,33
90,237,147,218,127,226,231,95,15,120,180,196,163,121,255,30,34,154,251,247,255,255,143,8,162,197,255,35,120,255,248,191,219,172,250,85,0,132,170,171,86,85,169,126,212,26,14,253,255,255,253,223,63,244,16,32,244,251,255,15,7
37,253,77,38,136,159,56,210,251,78,228,129,64,152,191,225,25,81,68,136,8,128,112,230,17,35,34,252,255,8,62,130,136,50,87,238,237,14,128,221,25,185,223,35,228,15,0,2,176,136,30,104,225,255,255,127,91,188,11,17,56
97,249,73,36,129,191,112,20,130,82,133,252,67,48,246,7,17,96,71,238,72,0,240,254,1,2,0,240,255,15,158,134,233,255,7,0,239,21,36,16,112,113,253,175,4,202,255,127,239,39,60,194,243,126,104,246,247,120,126,51,0
1,204,143,0,128,34,33,197,166,17,15,2,203,115,252,255,61,98,1,8,0,0,240,24,0,0,0,32,156,59,224,119,139,68,186,90,139,5,0,177,126,35,180,172,5,218,35,26,8,30,209,17,141,96,162,237,255,131,233,223,30
75,56,152,236,16,114,129,68,146,248,141,191,207,1,230,79,49,70,140,185,49,24,209,24,99,206,65,32,184,127,0,0,240,247,173,136,8,120,77,17,43,2,254,197,137,244,255,255,143,31,96,0,0,0,192,198,199,227,123,255,11
33,118,111,6,128,29,56,0,85,255,112,142,66,209,238,247,159,125,0,0,0,0,112,128,1,2,0,216,119,192,63,0,128,50,85,182,109,11,128,109,153,218,254,17,250,229,219,254,148,22,210,41,13,192,237,75,75,239,73,253,60
74,248,129,92,148,34,131,196,31,152,1,255,207,35,224,95,32,2,136,232,55,56,243,187,111,206,68,32,24,243,0,21,193,205,190,221,8,208,12,1,126,3,48,238,13,216,111,254,154,31,241,0,132,240,230,197,255,195,121,255,15
39,248,13,7,128,255,126,149,234,6,133,185,223,119,234,247,25,122,4,12,0,0,240,255,253,3,2,252,105,255,62,44,9,75,98,75,190,254,245,130,0,173,129,164,78,15,0,98,159,6,209,16,253,127,162,79,79,163,105,255,56
1,200,11,4,0,64,207,63,64,254,248,55,11,103,136,190,1,224,158,10,0,0,160,128,231,4,4,0,8,247,200,77,52,3,37,160,38,250,127,0,128,254,95,209,170,183,231,240,121,7,134,115,152,67,14,255,191,15,67,168,55
184,31,2,248,127,238,191,253,31,240,31,142,195,176,255,15,2,128,129,255,255,255,15,0,0,254,227,243,253,255,55,183,255,253,191,255,216,197,110,187,255,67,185,126,85,216,25,31,0,8,112,0,113,252,241,193,225,253,255,127,8
231,129,255,255,1,204,222,126,138,248,143,0,195,115,238,255,255,255,255,255,247,0,228,242,203,135,3,131,115,254,223,93,127,85,1,32,2,242,127,64,170,136,252,145,47,65,130,150,160,253,254,199,15,16,104,209,251,255,127,243,33
39,224,255,135,1,221,126,4,162,19,143,252,239,113,254,199,255,127,119,15,64,0,240,247,213,131,3,223,245,238,223,62,5,64,145,41,159,2,148,83,166,160,80,244,46,199,247,255,253,63,239,243,142,22,90,254,191,75,22,32,7
56,255,3,0,254,238,63,60,222,255,15,206,231,145,255,97,0,0,0,0,224,255,15,112,224,193,235,255,253,255,127,64,29,80,251,254,166,127,255,244,233,235,255,133,15,199,193,127,240,15,30,224,193,127,255,255,251,255,7,0,32
65,249,1,0,48,246,71,6,195,251,1,136,199,97,238,63,0,0,0,0,0,9,64,128,227,198,1,224,122,255,0,24,33,70,193,8,141,103,188,253,32,32,252,189,7,129,225,126,184,15,247,112,200,251,255,223,223,15,1,248,63
33,253,79,6,128,157,60,20,142,115,167,60,139,99,200,255,29,120,0,8,0,0,240,255,129,2,0,132,225,204,30,4,11,197,226,88,142,117,44,176,98,97,253,173,87,202,255,255,40,22,197,81,140,98,255,255,31,139,99,232,63
224,195,7,0,0,248,62,145,40,66,237,1,6,193,204,255,0,8,0,0,0,0,4,96,129,3,3,163,233,221,94,42,142,138,91,113,21,167,176,251,133,197,3,126,255,11,192,25,112,14,206,224,12,111,255,255,123,191,103,192,62
8,166,5,0,54,98,3,0,227,127,1,128,225,122,247,203,0,2,0,0,0,23,23,8,32,196,244,99,254,119,0,144,0,37,176,4,235,95,2,9,254,3,252,3,240,96,16,15,196,147,121,255,79,60,243,230,129,240,190,119,3
101,253,205,231,137,255,56,22,203,218,160,237,231,177,255,199,17,127,196,143,248,8,112,254,241,227,3,248,255,15,254,219,253,118,95,78,229,36,130,253,17,56,253,3,64,207,241,127,252,15,247,112,247,255,255,255,255,7,0,240,3
32,79,3,0,0,204,62,114,89,254,244,129,195,113,255,95,0,0,0,16,0,1,0,0,0,1,2,131,127,255,63,128,244,32,31,228,64,14,114,200,145,251,255,115,226,39,0,27,192,14,216,128,13,236,240,97,255,255,255,15,30
161,247,1,4,128,255,191,238,215,189,27,142,199,113,255,31,0,0,0,8,128,0,120,208,1,3,2,254,255,255,55,85,123,213,174,218,170,125,109,52,106,107,183,141,31,56,33,127,200,15,249,144,255,255,242,229,239,131,252,239,15
33,253,9,6,193,255,181,245,186,22,141,205,199,113,255,15,16,82,196,140,152,8,121,252,177,99,66,242,253,159,252,159,249,103,254,204,207,12,0,153,50,51,253,127,0,222,49,127,204,143,241,16,255,255,243,231,199,3,254,255,3
10,224,151,72,50,226,71,4,162,51,7,0,203,127,236,255,35,230,136,17,17,17,129,8,226,204,205,1,184,255,192,8,33,66,64,8,149,167,132,242,32,244,17,190,7,8,192,137,120,19,127,241,15,39,254,255,255,223,6,0,11
55,140,255,167,193,255,124,0,224,215,141,1,64,24,119,193,255,255,255,207,232,136,248,255,217,35,35,254,247,142,191,0,32,0,0,0,255,63,215,88,177,186,254,215,2,103,199,199,225,56,127,193,1,0,56,254,255,127,14,0,0
24,30,2,72,126,32,3,144,255,79,228,93,4,0,241,56,0,0,9,112,87,255,159,8,2,68,124,1,8,85,72,164,8,33,250,255,255,159,42,136,84,87,139,110,208,218,49,97,76,8,0,0,240,86,91,182,0,0,254,0,37
8,237,131,72,122,242,71,46,230,255,3,2,201,123,252,31,32,134,136,17,113,159,143,24,226,196,197,33,252,255,0,136,163,226,70,28,223,47,238,186,113,116,187,255,0,24,96,24,60,134,231,249,207,255,255,255,31,135,1,252,31
65,169,13,4,0,48,129,68,146,144,15,3,12,67,192,255,17,64,0,8,0,0,64,0,1,2,0,0,200,255,48,17,65,68,248,72,128,96,164,145,34,33,208,252,15,15,64,64,24,27,227,48,134,177,255,255,143,135,128,255,15
240,231,131,195,253,255,255,63,224,95,164,9,4,128,63,33,6,190,231,119,240,207,15,104,224,193,195,255,255,255,254,255,95,28,248,255,8,192,127,255,255,3,4,0,0,224,225,1,0,8,15,240,192,255,255,255,255,31,2,0,32
160,255,3,192,241,255,63,191,255,63,1,204,0,144,63,33,0,128,131,255,240,15,15,80,224,193,195,255,255,255,181,232,187,255,7,0,255,191,239,190,125,253,3,0,0,218,225,47,112,0,0,224,128,127,255,255,255,63,2,0,8
32,255,3,0,136,25,56,240,187,198,237,11,196,129,255,95,0,0,0,232,10,174,240,143,21,34,32,60,132,1,24,0,213,89,253,239,130,26,84,80,173,174,82,213,170,55,1,104,216,15,96,0,224,255,255,255,255,195,241,239,15
1,254,237,0,128,59,97,161,112,133,88,139,70,209,239,231,223,55,0,0,0,2,49,8,0,64,192,124,95,179,224,255,18,0,248,135,113,136,195,14,29,30,2,67,152,124,1,86,128,13,183,0,249,255,255,255,255,111,89,251,48
88,237,131,192,113,254,7,38,215,255,1,215,163,126,245,8,0,130,136,23,241,17,143,24,242,229,247,99,254,255,160,144,113,230,135,140,200,232,254,251,243,51,248,127,0,254,225,63,112,0,14,240,134,127,255,255,255,31,2,0,15
128,70,3,0,6,0,24,253,190,7,127,0,228,249,255,39,6,128,1,48,0,119,16,0,0,0,28,12,0,0,74,119,159,24,184,255,187,143,1,247,255,239,7,128,255,33,0,0,0,168,248,136,127,126,241,227,227,251,255,191,48
8,6,2,8,54,0,75,10,229,111,114,4,0,6,0,56,6,160,139,115,113,119,7,0,0,4,220,1,58,119,1,0,160,179,1,16,255,15,138,104,208,252,111,26,241,0,192,0,48,0,7,113,128,131,31,29,28,12,0,0,63
39,2,254,3,128,13,24,192,44,3,54,0,8,2,0,240,255,31,1,232,74,46,244,127,0,0,0,220,129,76,31,34,192,136,249,125,17,3,128,242,196,229,1,190,119,0,128,160,56,16,7,241,0,2,31,62,62,8,2,0,62
33,6,108,0,128,1,0,192,63,0,252,143,199,1,254,231,221,1,6,224,0,14,112,135,1,0,0,28,2,0,64,4,0,1,248,255,35,16,0,0,140,255,7,128,255,63,0,222,128,31,241,1,15,248,227,199,199,227,249,255,56
1,130,252,4,128,17,192,63,64,255,240,9,204,1,226,231,191,98,6,0,0,12,224,136,35,0,0,32,14,17,192,255,31,0,232,246,38,240,127,0,8,200,255,1,255,56,1,224,139,31,240,0,0,128,226,197,207,227,249,255,32
222,25,240,251,255,51,193,63,195,24,129,255,211,245,238,7,224,135,255,247,255,255,239,255,255,253,252,36,136,51,224,255,127,27,106,67,54,244,39,4,8,13,133,128,68,223,31,254,135,247,240,15,111,248,225,193,194,230,249,255,32
218,25,144,249,127,246,199,239,215,156,72,255,255,113,238,15,0,134,255,247,255,255,15,184,239,223,195,225,122,247,128,255,241,255,207,128,12,104,192,29,1,2,30,67,136,252,255,255,135,255,240,15,15,248,225,195,195,255,121,255,1
30,246,131,203,127,238,7,0,225,31,0,252,255,127,238,71,0,30,128,7,240,0,15,120,224,193,223,235,123,255,0,0,0,83,112,10,255,63,5,4,40,124,20,128,0,192,255,255,255,255,255,15,15,248,224,193,195,227,253,255,63
160,231,1,0,0,0,56,106,93,253,122,130,197,176,255,7,0,0,0,0,0,0,0,0,0,0,0,224,121,255,55,128,7,224,105,254,192,51,255,252,240,249,255,191,51,0,0,14,128,11,112,0,7,252,252,249,251,255,255,127,0
160,18,0,0,128,0,184,219,125,99,118,136,199,241,255,71,0,0,0,8,0,0,0,0,0,0,0,236,123,255,63,99,206,153,59,243,48,135,57,230,204,207,231,40,255,8,1,78,128,11,112,0,55,248,224,193,193,243,253,255,0
96,173,204,96,24,255,32,118,219,254,128,137,197,16,119,195,55,3,196,144,25,153,193,12,51,230,65,48,254,31,0,208,72,118,250,206,236,116,231,157,26,25,252,3,64,31,49,76,12,155,97,24,198,48,251,246,133,193,126,102,3
32,93,2,0,134,0,48,200,63,39,127,220,3,0,255,60,0,0,0,112,0,7,16,0,0,0,0,0,192,136,52,130,234,255,158,221,81,13,40,187,119,119,171,110,213,218,31,127,198,207,248,140,127,252,241,1,97,243,253,95,26
101,237,221,7,0,255,216,18,65,248,240,129,192,253,239,199,191,255,231,15,0,0,96,228,241,3,0,248,255,15,222,255,31,0,64,36,68,34,146,220,17,248,255,119,32,199,227,159,176,17,247,113,15,155,255,255,255,111,0,241,0
1,237,141,0,0,178,33,0,224,35,54,80,235,127,253,218,41,98,0,0,0,0,176,136,34,68,100,0,140,27,240,136,8,32,2,68,215,37,170,170,16,117,169,46,84,90,114,156,28,151,251,191,143,241,247,239,143,199,161,255,15
103,233,203,239,1,255,248,54,0,248,129,141,0,144,238,135,51,255,239,143,0,8,192,108,243,231,3,176,254,31,152,155,224,102,7,4,68,96,130,251,17,16,248,127,0,199,243,31,32,24,119,96,2,19,255,255,255,79,2,240,3
202,205,147,200,127,240,199,63,130,244,15,7,131,97,238,63,34,162,159,247,243,191,15,0,162,68,197,3,248,255,152,60,59,207,7,136,158,255,124,49,99,34,50,255,15,60,182,190,173,183,245,255,95,114,129,223,3,200,123,254,63
67,253,201,124,129,187,161,228,151,144,11,255,255,119,224,95,17,66,132,232,251,0,240,125,55,111,2,32,200,159,176,25,249,207,198,136,140,252,236,145,35,34,178,239,13,62,44,30,143,255,251,30,255,249,226,1,197,131,249,255,31
0,248,1,0,18,34,97,32,112,142,248,139,222,1,238,119,2,2,0,16,16,63,1,128,39,64,68,32,8,177,96,8,8,2,250,199,119,180,162,138,0,29,137,34,244,30,1,240,253,15,128,0,128,104,246,255,239,3,233,255,60
231,233,253,231,209,255,247,63,146,180,15,139,199,241,239,231,255,255,247,159,248,8,74,252,241,227,3,254,253,191,245,255,63,4,4,128,202,252,111,153,59,3,190,231,136,190,199,255,253,39,188,194,27,127,96,254,255,255,223,51,32
10,237,145,72,50,242,67,62,244,255,91,115,187,127,81,24,32,162,137,17,49,19,131,8,98,236,237,1,184,127,192,138,19,162,84,156,197,47,202,250,81,254,251,127,144,116,242,141,124,179,111,255,79,19,223,254,19,92,2,32,3
72,233,1,76,16,114,195,64,0,0,180,244,225,190,119,11,0,194,128,24,16,0,1,8,32,198,197,96,184,127,128,128,224,239,7,4,64,0,130,251,16,116,169,126,80,202,244,15,248,163,127,251,215,63,254,254,253,61,14,16,0
0,13,20,8,2,0,33,193,179,0,137,3,253,43,84,202,39,0,0,0,0,19,144,0,0,68,68,0,136,17,32,34,137,72,218,205,149,12,128,191,37,37,3,238,76,222,63,255,207,127,249,135,14,32,192,128,229,211,253,111,15
0,255,3,0,132,8,116,48,248,207,236,255,255,89,251,240,0,0,0,0,0,4,32,128,0,0,8,54,193,153,60,0,184,115,6,202,255,63,103,148,41,63,159,229,204,30,36,241,255,111,185,146,248,127,18,228,254,19,254,11,53
55,254,236,183,205,159,188,211,31,0,240,221,7,0,244,202,221,95,102,238,254,196,252,255,221,1,51,255,231,204,127,167,204,41,250,255,0,16,0,0,254,151,137,50,228,207,41,109,74,1,1,144,240,255,246,165,236,3,188,15,3
3,128,252,87,128,34,97,1,224,6,224,151,74,83,232,247,255,230,191,73,16,0,240,155,33,0,64,44,8,241,224,94,184,0,16,0,111,12,0,0,10,11,141,1,252,31,4,240,251,37,145,18,153,72,0,197,254,35,91,187,52
7,0,252,6,128,1,240,33,48,132,88,3,28,3,128,252,255,119,127,192,0,12,240,215,31,2,0,28,128,0,245,255,31,0,248,191,2,184,64,0,5,222,2,65,187,53,14,224,255,255,153,31,17,0,0,0,0,32,220,31,48
24,95,2,0,254,0,53,161,240,135,252,203,102,129,187,32,0,0,0,0,0,255,15,128,0,0,252,7,1,136,116,68,25,81,118,255,255,159,117,0,253,255,215,225,207,63,17,99,196,136,24,8,241,111,55,111,2,52,205,25,56
245,115,106,183,193,143,60,209,190,2,175,68,1,126,255,8,221,121,247,239,206,0,120,127,152,51,51,255,231,140,191,54,232,255,7,1,187,134,32,131,254,7,1,164,71,203,168,37,0,0,0,212,246,255,250,165,244,3,254,2,3
10,56,128,120,62,34,1,200,55,33,18,14,0,0,246,75,110,134,155,249,59,191,19,24,32,192,204,96,152,51,192,255,235,235,18,20,211,5,8,168,116,125,185,46,81,216,32,32,8,0,0,16,240,185,231,14,5,0,160,127,11
160,95,3,0,0,145,56,208,95,218,164,1,4,128,95,8,0,0,0,184,0,9,0,0,1,34,0,152,239,12,62,128,204,126,251,255,64,6,178,223,150,149,201,54,96,7,192,64,48,8,6,96,64,239,255,123,27,189,1,80,26
32,14,3,0,0,145,56,192,31,122,167,0,133,160,255,90,6,0,0,184,8,11,0,0,0,34,0,144,255,12,63,0,192,164,187,255,64,0,2,235,254,19,233,62,112,10,0,0,4,210,216,141,77,168,185,67,3,253,239,221,26
32,14,6,0,2,16,56,192,190,67,191,0,161,40,255,218,7,129,1,56,0,3,16,0,0,34,32,16,196,8,63,2,200,236,187,253,73,5,0,251,254,3,169,126,85,10,16,140,7,251,248,143,79,176,193,130,129,249,255,111,3
65,233,141,68,0,243,193,53,130,208,141,131,212,144,38,131,17,226,196,8,0,0,64,136,53,106,64,116,141,31,224,155,57,70,134,8,140,108,230,153,35,32,152,231,12,30,128,67,248,9,63,224,131,31,254,254,255,125,14,16,0
37,236,77,2,128,157,56,128,250,86,141,145,253,59,246,203,149,57,0,0,0,0,240,111,145,51,35,156,231,12,62,0,4,64,241,239,255,78,148,215,162,161,208,180,46,7,0,4,232,11,125,208,199,126,251,255,247,67,254,102,3
33,189,76,4,128,59,32,34,81,254,224,143,64,16,114,195,25,97,4,8,0,0,112,132,17,2,0,120,255,0,32,136,16,34,116,132,71,56,194,8,17,250,254,95,176,244,241,2,16,0,7,120,193,139,255,254,92,12,0,48,0
79,233,223,239,115,246,199,4,130,240,15,214,139,126,244,222,127,255,223,239,251,16,247,125,226,229,231,99,252,255,128,133,227,239,5,0,192,176,14,56,112,244,58,126,0,224,254,159,45,247,255,255,15,0,203,254,151,201,114,224,7
79,233,201,255,145,255,229,111,0,144,73,255,219,127,228,31,33,118,223,15,177,0,241,255,247,239,239,34,216,191,160,191,251,239,6,0,0,112,110,128,48,113,187,239,68,94,104,30,0,67,243,183,175,249,246,197,239,195,248,255,15
75,233,153,252,17,98,199,47,16,132,75,215,42,126,176,32,97,230,255,255,255,0,179,25,102,204,236,99,152,63,128,239,243,255,6,0,133,9,192,56,33,126,58,207,137,188,228,251,251,39,223,247,191,127,22,252,255,3,128,0,60
75,233,153,222,17,170,231,55,160,148,201,243,254,127,32,33,1,246,191,13,176,0,129,216,111,197,198,98,91,187,160,191,251,255,6,0,223,252,230,129,1,2,130,111,204,62,238,255,255,127,255,247,159,4,0,252,254,19,140,9,48
1,253,77,4,128,31,112,54,192,222,200,255,255,115,240,247,25,96,0,0,0,0,240,255,255,1,0,52,141,9,56,4,21,65,229,168,142,250,119,0,160,162,90,215,138,183,127,254,255,39,240,11,31,120,160,207,195,227,249,255,26
0,28,0,0,30,0,97,2,97,142,240,159,5,0,246,15,8,160,138,64,16,255,161,136,34,0,68,32,8,17,32,0,168,35,114,68,255,29,34,136,16,125,143,34,68,222,63,174,4,131,0,9,70,160,195,130,1,192,252,255,11
95,237,253,99,90,251,161,228,19,152,9,3,248,127,176,229,255,255,216,5,185,145,139,92,119,255,239,98,220,63,224,255,27,0,248,221,8,192,230,187,119,3,144,239,12,126,254,159,158,246,255,255,239,129,247,15,0,4,128,223,56
3,236,255,7,0,187,225,63,224,123,16,144,250,127,168,181,63,247,207,5,0,0,160,136,115,1,100,34,222,155,240,255,31,0,0,64,255,53,47,160,64,121,189,40,85,26,194,178,253,54,223,251,15,65,46,255,127,47,1,217,60
33,252,79,3,0,255,56,192,251,222,141,253,255,18,114,195,29,27,0,0,0,0,240,253,145,35,3,176,253,15,62,138,133,98,209,236,223,14,128,217,177,176,219,247,2,199,255,255,252,22,94,225,5,2,255,255,123,189,2,16,24
67,237,221,7,0,242,195,63,224,189,73,243,255,127,224,159,59,230,206,7,0,0,224,144,255,1,128,64,254,191,225,255,31,0,32,128,246,251,127,0,1,254,122,223,136,181,231,247,255,55,191,243,27,17,0,252,254,87,144,42,37
8,253,1,0,114,226,7,66,223,252,128,199,227,248,255,67,0,0,0,48,48,23,15,0,32,192,244,227,254,255,0,209,193,116,255,254,128,64,103,221,251,43,252,133,0,223,240,63,208,3,32,249,207,255,255,255,235,253,189,55,1
79,253,201,110,81,187,229,63,224,206,224,253,2,95,184,181,33,243,255,15,152,0,249,206,51,101,102,50,255,153,248,191,59,43,6,68,222,253,110,136,16,21,139,111,212,222,240,63,188,4,151,250,255,127,255,255,95,2,0,153,52
37,29,110,34,136,153,48,96,211,156,201,27,140,3,240,254,253,49,70,192,8,140,240,207,17,35,0,28,199,8,116,4,25,65,254,207,130,28,100,144,46,35,151,229,76,30,0,96,4,10,64,0,196,224,147,7,3,129,229,207,31
3,136,252,4,0,49,96,36,162,148,141,7,0,114,224,231,127,98,159,136,0,0,240,137,1,2,0,0,128,31,240,58,173,68,144,8,159,6,132,211,162,32,80,244,14,71,0,0,0,0,0,57,135,9,231,222,207,33,8,255,0
161,2,10,20,128,1,248,153,44,3,118,132,2,240,239,39,13,96,7,104,0,0,112,128,0,0,0,220,3,0,159,34,232,191,7,65,51,133,32,134,92,93,129,32,245,202,13,24,0,96,192,6,60,120,0,0,227,251,255,255,63
67,137,221,4,0,50,33,4,146,148,141,163,94,215,170,231,255,119,132,8,0,0,64,8,33,78,64,32,136,51,32,0,161,86,134,72,173,76,229,149,43,35,212,229,14,31,130,131,224,49,60,195,3,10,120,254,243,124,30,17,0
37,240,125,7,128,93,88,0,96,11,240,188,221,50,102,199,255,125,6,8,0,0,112,247,145,2,0,220,247,68,207,255,14,0,96,36,70,51,187,72,16,216,237,58,240,193,247,255,253,15,7,112,128,11,238,254,255,11,2,112,0
74,233,159,72,18,34,37,68,146,248,137,3,8,127,240,252,103,194,136,24,17,17,129,8,38,76,252,3,136,31,8,0,64,64,138,72,0,112,111,145,34,35,189,229,76,30,64,144,88,20,155,245,141,197,254,125,255,23,129,137,60
72,237,137,76,16,178,161,116,27,216,141,19,232,126,240,64,33,66,136,24,17,16,129,8,34,108,127,35,136,29,24,145,113,101,174,204,200,88,119,153,187,3,252,119,0,63,96,16,26,252,223,255,173,203,174,13,126,3,65,217,60
74,141,147,72,22,32,229,100,18,220,205,3,249,127,221,30,34,130,136,16,17,51,129,0,38,204,204,2,8,255,96,9,25,66,78,200,132,172,228,191,1,125,147,239,77,30,0,160,5,183,96,95,15,48,192,214,131,193,127,254,7
1,253,5,0,0,177,96,38,224,255,64,155,223,97,236,255,0,32,0,0,0,0,0,128,1,2,0,0,222,153,48,8,9,66,194,204,255,125,230,153,33,49,155,231,4,30,96,76,28,143,231,56,198,247,255,255,143,133,0,238,15
72,141,147,72,18,240,165,118,27,216,141,213,235,127,252,31,34,130,136,24,17,17,129,136,166,77,79,3,200,255,56,149,89,103,238,236,0,240,127,17,51,3,252,247,12,63,150,164,237,179,125,255,79,18,73,246,147,200,126,114,3
72,205,19,72,118,224,199,60,146,254,143,3,171,127,253,30,34,128,137,48,17,19,3,0,34,196,222,3,88,251,160,137,123,226,6,128,196,44,238,251,49,115,187,127,204,62,132,196,239,255,253,223,223,54,72,182,145,216,126,98,7
32,29,4,0,0,16,32,32,251,222,200,139,197,48,255,195,0,0,0,0,0,15,32,128,0,0,0,0,254,1,112,132,17,33,252,191,203,89,70,8,251,50,126,95,136,52,0,118,132,5,176,0,75,88,225,243,195,250,127,255,33
95,233,217,110,89,251,165,118,27,216,133,177,255,247,238,71,51,219,140,222,223,24,205,232,255,127,71,34,237,221,56,149,89,103,238,204,0,240,119,153,50,3,220,103,68,31,16,6,172,151,245,249,207,250,255,255,131,232,127,255,1
225,137,8,36,0,251,240,55,194,218,133,177,255,255,70,143,17,224,68,8,0,0,64,132,179,103,3,48,254,13,248,251,61,74,67,0,156,230,247,223,1,164,81,180,6,7,44,224,255,247,223,255,255,45,0,4,36,0,164,5,26
0,236,15,0,0,48,1,0,224,39,18,214,203,123,252,223,1,0,0,0,0,0,48,0,0,0,68,0,172,95,136,128,162,160,0,20,215,11,138,42,81,244,43,126,144,240,227,191,184,7,165,241,143,114,255,255,255,75,123,248,55
74,237,189,94,83,162,231,101,16,132,75,151,66,127,170,231,239,246,187,125,179,51,131,24,98,204,222,34,24,187,224,175,123,72,6,0,128,128,228,186,101,119,147,239,13,30,242,151,252,245,255,255,15,95,127,255,254,126,79,16,48
67,137,143,68,0,178,229,36,146,220,141,255,239,27,240,161,33,98,136,8,17,0,241,94,107,247,198,32,126,187,224,223,249,87,134,8,139,64,4,17,42,2,252,197,12,254,47,175,193,18,8,147,5,4,176,228,253,179,254,15,8
192,185,136,252,144,51,129,239,23,184,1,139,199,241,238,39,17,194,135,248,255,8,65,8,33,66,64,252,59,243,128,121,250,255,6,0,36,228,233,191,1,12,133,32,221,30,72,194,190,248,55,36,225,139,47,0,88,44,0,177,32
37,142,255,7,0,253,126,4,226,87,143,16,141,99,212,222,31,127,6,7,0,0,112,252,193,1,0,240,253,239,127,4,1,64,32,40,255,127,116,16,160,160,211,255,15,167,191,253,127,191,237,211,30,0,0,182,183,3,118,98,7
72,240,128,64,62,118,131,78,23,184,3,186,221,128,102,67,0,6,128,177,48,255,15,24,97,194,192,96,30,51,0,89,82,150,252,190,0,112,223,61,75,2,124,1,153,240,241,103,252,137,63,120,224,191,255,255,29,4,0,48,1
8,174,132,64,62,119,3,6,215,189,1,130,195,115,254,79,2,6,128,49,48,159,15,24,96,192,196,225,254,255,1,192,3,241,48,190,239,31,15,60,248,250,254,133,0,32,144,22,180,245,183,255,207,91,111,223,2,108,91,243,33
37,254,205,3,128,255,24,192,223,255,80,234,255,253,255,195,159,31,0,0,0,0,112,254,241,163,35,248,255,15,7,0,128,162,248,255,197,47,138,253,81,240,255,127,16,248,241,95,252,143,255,248,238,255,255,255,159,5,0,96,7
126,61,220,235,123,242,1,64,15,248,128,8,237,0,247,203,255,159,239,247,253,223,143,8,243,231,231,32,254,31,0,128,64,34,218,125,68,96,166,251,17,48,185,126,64,10,3,196,254,219,127,0,0,144,255,128,128,233,62,118,3
229,253,79,38,65,249,252,126,95,255,244,1,36,73,153,244,51,121,68,142,200,128,72,228,211,39,35,146,247,142,255,153,31,162,199,244,76,111,254,251,145,208,251,127,240,33,192,0,48,140,142,232,72,231,255,127,59,190,1,128,62
165,255,5,0,200,255,56,42,245,255,80,238,100,152,59,33,0,0,0,0,0,136,120,246,81,163,34,248,255,14,119,204,19,243,100,190,239,127,255,44,89,248,255,11,144,240,240,35,252,128,31,248,225,255,255,255,90,60,0,17,48
192,199,3,0,0,240,24,237,182,53,31,2,129,32,254,31,0,0,0,8,0,0,0,0,1,138,0,68,144,47,7,56,211,206,220,153,156,233,204,179,103,102,50,254,15,120,64,28,16,3,226,32,14,113,252,255,251,255,33,255,15
32,93,3,0,0,249,56,22,203,254,165,9,165,32,245,138,0,32,0,0,0,1,0,128,3,6,0,0,254,79,30,144,13,100,163,108,207,118,54,217,178,177,217,119,34,7,128,13,96,11,109,192,134,182,219,182,181,217,118,102,7
65,189,12,4,0,243,192,46,215,253,0,11,133,32,246,143,17,224,4,136,0,0,64,0,33,70,0,32,254,31,136,153,107,230,66,92,196,101,174,185,48,112,249,127,0,154,3,252,12,15,224,0,14,112,239,223,135,195,121,255,39
101,173,216,238,73,251,176,126,31,248,160,5,129,48,255,79,63,223,207,255,249,142,248,228,17,35,34,146,255,15,254,191,219,239,254,221,64,132,42,170,118,117,137,126,80,90,0,4,0,1,32,16,247,252,243,231,199,225,254,255,3
90,237,131,194,115,254,231,60,130,255,15,79,1,32,245,10,0,150,200,23,249,145,143,216,246,229,239,99,253,255,224,153,127,230,135,220,200,253,254,251,243,115,248,255,0,248,225,15,112,0,14,224,128,255,255,255,255,159,128,0,11
0,237,15,0,0,240,39,18,73,218,164,129,195,113,254,207,1,32,0,0,0,0,32,128,34,0,68,0,254,255,72,128,8,32,2,68,65,4,34,136,16,149,139,127,224,223,3,127,192,7,248,128,15,252,242,229,255,243,255,239,7
33,253,205,38,129,255,48,64,223,255,112,220,143,34,244,218,29,119,68,140,136,8,240,94,17,35,2,112,255,11,52,128,192,231,254,220,207,13,162,184,81,113,187,127,80,218,241,29,56,11,103,112,198,255,255,255,191,1,48,102,7
79,237,219,239,123,242,103,44,162,247,15,159,135,33,252,159,127,255,223,159,251,185,207,248,247,239,199,34,252,255,176,156,49,239,7,8,222,255,126,25,50,50,184,255,0,254,247,223,32,186,255,1,4,32,255,255,223,207,35,244,15
126,253,131,195,113,254,39,82,95,250,240,220,135,0,254,31,0,30,136,7,241,92,255,254,251,215,199,227,127,255,24,149,78,167,239,245,66,247,123,8,210,211,233,123,240,195,225,69,112,8,47,224,128,255,255,255,255,31,6,0,37
224,241,129,192,249,255,199,86,203,90,164,5,3,113,238,63,4,170,143,247,240,159,127,40,160,66,65,225,255,255,152,223,239,247,3,0,239,87,51,76,218,153,253,3,112,67,160,20,0,128,165,88,255,255,235,215,151,66,126,250,39
75,173,208,236,123,243,97,44,210,189,75,155,255,99,228,159,48,230,223,133,49,189,203,221,119,239,198,32,156,63,160,4,49,207,37,136,255,255,127,16,35,34,50,255,11,52,75,248,159,255,243,32,12,225,134,9,207,135,225,255,31
1,255,15,5,128,255,10,236,182,181,11,223,143,99,252,223,29,96,0,8,0,0,240,255,1,0,0,192,252,111,195,23,247,197,189,184,139,27,84,16,231,226,114,221,15,245,255,63,24,7,227,48,142,241,223,175,175,131,224,238,31
8,252,129,193,240,239,143,66,95,248,176,188,67,209,238,55,0,14,132,227,112,94,255,123,225,194,193,225,123,255,3,206,204,243,255,254,231,31,1,4,8,248,255,1,114,195,225,22,16,12,183,112,233,255,255,223,223,7,1,248,52
10,189,228,114,221,187,33,98,81,140,88,247,98,126,51,96,203,19,194,92,190,132,41,207,124,97,248,126,207,25,48,0,64,115,110,223,2,248,111,0,57,127,191,99,204,254,114,39,148,128,0,255,79,137,255,239,0,116,136,59,32
7,240,143,4,128,255,65,133,162,16,7,252,143,99,208,222,1,98,0,0,0,0,240,255,247,239,225,244,156,31,192,221,7,1,160,18,106,241,127,0,122,0,252,0,17,192,231,127,72,15,233,144,158,127,254,253,255,3,244,238,31
7,194,255,7,0,245,202,12,128,249,23,252,255,103,64,222,113,109,72,11,0,0,240,255,255,239,167,1,180,15,199,253,31,1,160,56,138,243,127,0,246,65,120,190,51,192,255,255,127,63,195,51,12,0,0,190,191,131,225,238,63
8,188,64,252,26,113,128,98,83,156,72,247,1,62,115,0,40,65,235,249,63,148,240,158,18,32,244,16,158,1,128,167,245,123,61,173,0,8,64,0,189,254,74,87,168,245,218,39,132,129,48,255,103,155,127,202,0,124,24,51,0
32,255,1,0,128,63,1,209,109,2,244,140,199,241,239,103,0,0,0,0,0,0,16,8,0,64,112,252,143,17,0,162,136,40,26,69,81,132,130,154,52,53,3,126,64,223,225,95,248,15,255,240,255,255,255,255,255,3,126,114,1
75,248,193,224,62,119,1,4,206,123,7,188,3,114,224,31,16,0,158,227,123,255,247,191,247,2,0,36,136,119,8,184,224,239,195,69,223,245,174,139,18,16,8,62,80,202,210,62,128,0,0,105,79,122,255,255,211,239,123,243,32
202,243,129,228,249,255,135,207,191,0,1,0,193,113,238,31,0,22,135,253,251,15,123,216,97,195,194,230,249,255,32,255,239,255,251,127,128,128,4,18,254,101,17,190,5,8,96,8,92,130,75,254,255,255,247,239,13,1,160,79,10
32,239,3,0,2,224,127,58,217,255,240,197,225,122,255,10,0,160,2,16,0,21,0,128,2,0,212,3,126,255,222,166,61,105,7,237,215,159,118,218,181,255,19,254,6,143,0,47,192,3,120,245,7,188,254,241,253,255,190,7,1
74,248,1,252,190,119,192,31,198,123,7,148,3,114,228,15,0,192,255,251,127,190,247,189,1,0,0,0,132,7,128,191,235,239,83,84,207,5,162,185,16,81,185,62,84,202,112,62,28,2,3,255,239,255,255,223,15,5,0,255,15
31,224,153,221,49,230,199,31,130,16,7,0,222,103,204,191,103,255,223,7,113,16,151,125,226,239,239,227,252,255,193,23,231,5,184,0,11,80,0,1,254,1,252,188,7,0,0,64,59,238,247,48,248,255,134,13,222,3,65,252,63
222,240,129,227,121,255,199,223,162,0,135,28,3,32,252,30,0,15,221,231,251,191,255,125,247,239,239,243,253,127,192,191,47,173,163,5,223,215,58,11,214,21,8,62,112,202,225,40,56,0,3,112,244,255,255,255,255,3,0,64,30
128,247,1,192,112,238,207,255,125,141,112,255,255,185,119,1,0,0,0,192,240,93,239,248,251,193,192,225,127,255,1,180,212,239,253,255,90,250,86,75,151,150,2,94,160,53,233,71,251,251,255,228,179,255,126,0,252,127,140,1,0
192,87,2,252,253,15,152,237,191,16,11,3,131,245,206,63,30,128,7,248,255,159,123,0,0,2,0,96,253,191,48,75,245,255,127,170,160,10,213,84,169,186,126,129,10,37,32,96,127,6,1,254,252,247,3,4,4,0,132,12,63
0,207,3,8,102,192,126,29,230,119,31,64,161,104,253,24,2,160,0,16,0,183,10,0,0,0,172,7,128,175,231,10,45,64,1,40,255,15,148,242,160,252,243,254,15,195,194,137,112,18,78,225,4,39,156,255,251,255,167,68,30
90,249,192,225,58,119,195,87,203,90,133,212,129,58,244,10,4,171,239,243,121,223,247,60,160,224,229,241,190,87,200,255,255,255,5,4,64,0,130,56,16,240,124,30,0,96,176,4,44,129,37,254,247,255,255,254,5,0,62,114,1
255,243,255,219,119,238,127,62,221,255,114,228,243,253,255,129,137,254,179,7,240,0,47,250,232,193,255,255,123,255,255,255,159,0,152,187,33,0,128,255,255,107,52,128,15,240,255,255,255,247,254,255,15,128,0,0,96,252,141,1,0
199,9,252,47,0,81,200,63,160,181,11,3,133,32,116,139,127,253,223,207,8,0,224,148,83,2,0,16,244,15,199,255,63,192,4,24,159,249,76,48,101,102,50,255,11,176,127,239,255,251,104,131,22,32,0,160,161,241,188,71,11
37,253,239,6,128,143,117,40,84,173,90,115,255,111,213,218,165,117,64,0,0,0,240,127,16,244,246,90,254,2,229,147,18,32,132,148,73,73,74,41,83,82,122,127,152,180,239,253,255,111,233,146,190,117,82,164,255,3,244,14,7
10,8,252,219,126,96,15,192,31,248,129,1,68,81,254,231,255,31,13,241,247,127,223,16,65,134,129,64,122,246,67,1,64,0,248,255,0,96,162,201,18,17,253,54,96,11,0,226,199,97,48,15,51,152,96,192,192,252,255,63,32
72,73,143,70,16,238,167,82,27,248,224,9,4,129,207,126,95,151,128,248,255,7,11,136,96,64,232,246,221,191,96,201,88,50,250,214,64,112,235,172,17,88,255,35,240,30,193,97,112,12,142,0,0,199,190,125,127,159,129,0,62
252,87,3,255,123,254,255,127,28,235,126,200,231,249,255,7,0,220,197,255,252,1,15,112,224,243,227,255,255,255,255,253,127,255,39,16,98,255,127,32,252,255,239,11,241,0,223,255,247,255,254,239,127,8,0,66,64,252,127,113,0
1,13,255,7,0,177,224,253,10,80,143,0,252,62,17,136,1,225,221,15,8,0,64,4,81,254,35,84,148,15,195,253,31,1,168,110,170,244,127,0,250,3,253,161,68,75,204,9,67,248,255,247,52,39,0,0,124,157,132,0,26
218,13,144,248,127,112,65,63,224,223,201,135,3,114,254,31,34,224,255,119,249,183,15,128,34,69,254,3,252,159,248,254,191,109,5,0,255,79,86,89,183,178,90,127,168,247,30,30,4,133,224,255,127,120,225,195,131,224,127,255,39
8,253,3,72,126,242,165,237,31,148,75,67,163,123,255,26,34,128,136,112,187,191,15,0,34,68,236,2,152,63,96,171,219,234,254,253,0,160,238,186,49,119,155,127,0,94,16,28,4,135,249,217,207,124,255,255,3,193,255,239,15
129,226,47,4,128,15,199,63,192,255,114,188,79,81,170,183,1,96,54,10,0,0,96,163,173,10,1,236,1,244,202,125,26,129,160,211,58,253,127,32,78,75,167,137,223,152,229,251,251,47,223,178,157,111,36,125,255,167,193,221,60
94,237,145,235,123,250,103,62,195,255,129,3,165,40,255,10,34,255,206,215,249,157,143,200,243,231,231,35,254,255,248,190,63,226,6,4,223,175,254,251,49,244,251,127,0,94,192,5,0,0,110,224,198,255,255,255,255,223,0,34,7
193,239,15,3,0,221,62,165,178,150,205,127,143,99,216,254,125,126,0,0,0,0,240,127,5,11,2,36,65,255,252,63,21,76,213,169,159,202,212,83,167,166,18,213,10,245,255,223,72,30,201,145,140,32,146,255,111,131,236,77,30
8,93,2,200,126,240,131,192,31,248,175,12,6,1,216,62,2,128,137,240,243,63,15,0,2,198,197,1,184,255,0,129,209,235,253,253,0,0,70,122,245,246,26,255,8,180,1,120,14,14,128,0,248,224,131,1,3,131,115,254,63
245,125,200,247,201,255,248,127,73,248,224,205,0,128,255,33,157,255,231,255,252,136,120,254,17,35,34,248,255,14,247,255,255,238,7,4,65,4,162,255,17,117,171,126,208,218,255,255,124,5,0,65,0,2,255,255,191,78,2,32,37
97,253,79,38,0,249,240,62,217,254,224,1,129,105,255,222,19,241,68,140,0,8,64,196,49,35,2,112,255,15,244,153,27,226,66,220,204,109,238,251,17,113,251,127,80,26,0,8,16,131,226,40,78,253,255,255,139,245,161,239,15
1,127,7,0,0,185,52,229,178,132,79,15,131,97,252,95,16,0,0,136,0,8,112,192,1,2,0,116,221,143,52,59,211,206,252,153,149,9,132,51,101,102,18,254,15,244,81,124,20,7,64,0,196,253,255,255,139,199,241,239,31
72,232,131,64,114,242,7,133,166,19,15,128,203,123,254,95,2,6,0,16,176,51,15,24,226,205,207,227,249,255,32,18,128,204,146,121,221,79,128,251,231,1,0,254,31,8,192,29,240,23,255,241,143,127,254,255,255,255,39,0,31
0,124,3,72,50,242,7,16,236,119,183,136,207,97,254,95,2,130,0,48,17,23,7,0,34,196,196,33,248,255,0,144,136,172,146,85,95,71,34,171,86,17,137,126,240,10,17,94,132,159,240,8,78,120,231,207,3,227,121,255,63
26,237,3,200,115,254,39,80,93,239,254,192,255,255,255,56,0,130,128,23,241,17,15,72,230,255,255,227,249,255,56,136,192,170,95,245,85,47,162,235,17,212,171,126,240,26,225,95,248,31,255,224,128,127,255,255,255,255,3,0,55
7,252,221,39,1,255,112,38,192,253,0,255,239,115,244,207,57,127,198,13,0,0,240,253,243,3,0,112,253,143,116,132,0,33,96,12,206,252,126,0,48,48,251,127,0,158,127,255,223,55,250,171,15,32,228,238,235,247,169,255,10
64,125,2,0,48,238,143,102,215,252,72,143,199,129,238,39,0,128,0,176,16,31,15,0,33,194,64,224,127,255,32,73,85,82,253,186,164,106,213,85,169,170,254,129,139,181,9,126,130,79,224,0,40,248,227,129,199,227,249,255,55
245,127,64,179,239,221,252,63,205,251,176,140,197,128,255,11,158,253,103,247,236,207,78,244,209,163,35,218,247,142,119,255,31,110,251,255,220,255,254,251,145,148,201,126,96,7,1,102,128,11,48,0,240,255,247,193,193,241,252,127,1
7,236,205,7,128,255,15,0,211,253,0,3,206,115,238,255,255,126,6,0,0,0,224,248,239,3,0,224,123,255,15,0,0,64,112,250,175,63,253,52,32,232,255,133,15,56,64,16,16,4,195,48,236,243,239,13,143,7,65,254,63
116,253,96,190,207,153,60,227,255,134,200,135,1,56,255,11,158,213,103,255,255,207,26,68,16,33,34,254,247,136,55,128,236,127,7,101,255,142,50,219,183,183,203,118,224,135,0,44,128,3,32,152,255,127,251,247,195,225,254,127,3
11,252,128,64,56,247,3,133,247,5,1,159,205,0,244,11,0,6,132,195,113,158,247,255,227,198,193,224,252,127,0,190,195,239,253,253,223,1,0,8,54,52,8,126,0,160,241,111,252,11,39,16,208,63,255,254,159,0,18,112,3
7,248,253,7,0,119,64,3,224,8,128,31,139,99,252,255,191,255,207,139,0,0,240,188,97,194,0,224,254,127,193,159,135,32,80,4,77,2,130,105,16,144,120,126,48,193,243,254,28,23,227,49,14,192,239,223,143,199,113,255,63
0,60,0,64,156,63,1,6,251,222,128,77,0,128,17,32,8,2,134,240,48,239,99,152,97,64,64,252,27,51,0,70,233,243,122,94,167,20,37,128,40,121,189,160,68,218,120,32,28,128,3,188,225,175,191,14,0,0,128,5,24
192,253,133,66,209,175,229,191,224,4,0,139,199,241,238,55,28,182,135,245,176,79,123,88,96,193,194,254,127,187,240,255,31,8,250,223,50,244,47,134,12,13,129,32,68,218,97,126,24,7,193,16,204,255,255,255,255,3,96,255,63
65,13,223,13,2,112,192,55,224,222,237,139,199,177,255,143,18,226,255,130,16,9,65,136,35,66,0,32,46,85,200,255,31,0,68,128,254,254,247,89,1,130,222,247,170,55,143,239,239,127,124,3,2,16,64,240,245,251,127,115,1
64,233,3,252,1,114,195,119,11,218,165,5,131,123,252,30,0,192,207,250,89,3,1,0,32,68,69,33,252,95,136,145,224,255,7,4,64,64,6,89,242,17,248,62,0,1,40,25,74,110,217,148,188,237,178,5,255,131,236,207,30
225,61,72,36,0,249,248,63,192,254,165,233,245,184,119,131,17,224,70,8,0,0,96,128,251,3,0,240,255,15,254,189,87,239,237,189,222,251,126,88,177,246,122,255,0,53,133,231,255,41,60,194,19,30,0,242,240,120,158,35,33
88,233,3,76,83,242,231,84,10,90,165,21,3,115,236,63,0,192,136,62,211,17,141,40,166,77,79,35,232,221,152,181,234,239,15,68,0,240,110,136,86,17,169,126,212,218,240,28,32,0,132,249,207,123,255,255,155,206,83,240,55
192,205,131,244,176,127,195,62,64,254,224,129,195,241,238,31,10,206,135,251,112,15,7,136,225,192,192,249,255,127,192,223,255,247,7,2,237,107,223,125,25,250,254,1,128,52,1,92,0,15,224,0,150,126,224,253,255,227,127,255,7
229,253,205,131,97,255,222,62,211,254,129,3,192,121,255,255,191,255,5,15,64,0,4,96,192,247,131,227,127,255,223,90,29,84,129,42,175,110,213,213,171,170,220,149,46,39,96,16,24,238,255,48,252,255,255,13,15,7,1,255,62
224,93,3,4,1,249,188,245,158,214,143,131,223,241,238,63,0,64,0,184,128,0,80,64,1,235,3,254,229,207,191,187,253,110,223,237,221,238,246,251,183,183,153,254,4,79,24,24,6,254,255,12,252,255,131,1,1,131,255,255,30
72,233,131,236,50,246,131,94,15,248,128,140,131,96,254,31,2,134,141,251,241,31,15,8,224,198,193,225,254,255,0,155,239,247,219,126,0,96,174,253,16,112,253,62,0,202,41,29,0,74,232,0,164,253,254,129,255,211,245,239,31
244,77,99,62,207,153,188,255,31,248,244,196,32,254,255,0,135,209,107,124,207,195,24,68,16,49,190,27,231,8,191,211,251,253,158,222,0,4,42,191,127,83,189,43,84,90,152,0,6,240,255,255,111,214,217,3,0,252,119,128,55
0,237,3,0,86,162,167,102,27,248,192,131,195,121,255,15,0,0,0,48,17,23,9,0,0,68,196,34,126,251,48,81,89,84,254,255,0,64,101,149,107,35,252,229,13,30,0,27,192,22,255,255,143,238,255,255,255,187,255,13,30
88,253,3,0,114,242,39,70,215,253,1,99,251,255,221,56,0,0,0,16,17,247,15,0,98,253,254,35,90,187,32,137,89,98,254,255,0,32,230,191,49,119,187,111,68,158,97,254,152,15,194,32,140,249,255,253,255,231,1,255,63
1,204,159,0,2,112,3,0,244,167,90,2,139,99,220,222,127,38,0,0,0,0,0,0,2,198,4,0,152,255,0,0,0,162,68,148,85,45,202,170,81,86,43,127,240,60,128,128,56,22,199,113,14,99,222,255,191,143,99,224,31
72,205,159,64,18,34,37,132,162,17,15,154,78,65,168,245,35,2,136,0,17,16,129,8,38,78,76,32,8,251,32,18,137,70,210,89,157,5,164,179,35,33,145,238,77,218,227,211,248,28,159,96,8,67,62,255,127,30,3,128,52
0,24,0,64,18,114,1,4,130,120,3,28,14,1,168,119,0,2,128,48,17,31,151,8,34,70,68,32,188,127,0,2,137,78,242,89,223,5,164,179,38,33,145,190,5,202,115,250,156,14,195,0,128,105,167,79,79,135,65,253,62
192,201,3,12,0,96,131,84,138,82,165,161,255,245,238,55,2,160,0,16,0,1,0,0,2,254,71,0,42,241,136,88,236,86,195,98,44,102,181,255,130,1,220,176,102,11,128,214,161,127,244,67,31,122,104,209,247,235,127,251,37
216,249,1,205,115,238,143,90,93,248,240,192,251,255,255,24,0,136,136,255,253,17,15,240,226,197,247,227,127,255,159,129,236,191,15,4,0,64,186,237,211,209,237,123,240,67,232,29,122,215,255,253,239,255,255,41,252,223,129,14,39
64,125,3,0,0,242,103,18,73,218,228,13,2,65,232,63,0,128,128,16,16,15,1,136,33,66,64,32,120,255,248,152,41,38,194,68,239,111,166,221,1,16,253,119,64,159,224,48,56,4,128,112,136,203,175,95,95,7,65,248,60
94,248,129,195,249,255,191,197,31,16,3,254,255,3,208,30,0,28,132,239,251,190,255,255,247,195,131,227,249,255,55,21,193,255,255,255,0,80,4,0,254,35,16,132,15,176,249,127,254,15,239,240,240,255,255,189,191,3,0,0,31
240,195,3,188,65,220,190,254,31,248,31,128,231,241,255,15,0,192,0,254,255,1,12,0,193,131,3,211,247,238,63,89,255,255,223,251,0,97,253,255,233,232,244,137,31,32,12,223,227,127,252,134,63,254,240,224,248,255,255,47,1
33,252,237,6,128,175,37,0,219,222,173,189,79,83,234,247,29,122,6,0,0,0,240,255,33,3,0,168,107,253,120,70,153,81,114,202,175,28,5,16,40,43,255,133,15,222,255,255,152,23,243,49,143,192,239,223,207,3,121,255,55
56,207,23,2,126,224,63,32,242,255,75,67,96,254,255,224,46,191,9,52,0,247,31,0,0,100,254,3,254,143,52,0,128,65,55,232,211,14,116,208,191,191,219,247,142,55,128,1,100,129,188,251,79,94,121,255,179,120,255,0,33
240,93,3,140,99,200,190,244,31,248,173,197,163,249,255,26,0,128,0,248,239,3,12,0,128,1,3,131,247,206,63,139,205,110,255,255,0,32,182,219,177,177,219,255,38,135,8,253,194,71,104,132,46,252,240,161,241,251,255,15,7
33,246,140,0,128,47,37,128,121,6,248,143,197,176,239,199,157,118,0,0,0,0,112,218,33,0,0,252,127,249,48,0,0,25,38,195,54,188,97,0,12,31,3,64,252,254,173,119,200,13,57,144,243,127,122,245,246,66,254,59,33
240,253,3,128,107,221,190,86,223,250,165,197,33,252,255,0,0,128,64,126,205,129,12,64,144,49,119,155,255,204,190,209,245,255,143,174,72,66,247,253,187,147,252,19,34,167,144,39,244,7,4,249,79,255,255,255,243,252,127,16,32
1,236,141,5,128,255,3,2,113,173,80,155,207,115,244,223,29,111,0,0,0,0,112,254,241,64,224,252,255,63,0,132,0,161,36,148,86,185,94,8,84,246,42,95,176,52,32,96,120,7,107,176,246,255,255,255,255,3,160,110,15
33,252,108,4,128,31,48,2,85,173,112,207,197,48,255,195,159,119,0,0,0,0,112,128,1,0,0,252,255,170,37,64,128,177,118,214,103,13,99,140,89,91,255,1,208,222,255,255,192,27,120,1,7,152,255,225,225,245,188,127,0
3,252,140,64,16,247,1,0,211,189,1,159,207,115,254,207,61,6,128,192,16,28,243,188,99,64,64,96,252,127,0,4,1,67,232,217,158,253,111,16,32,96,50,239,13,252,127,191,156,147,115,189,15,161,247,207,9,133,160,255,11
225,3,58,30,1,128,252,63,32,99,255,0,0,128,1,32,31,224,127,255,0,0,112,128,1,2,0,4,1,200,255,255,255,159,7,64,21,173,232,163,69,69,163,120,255,26,196,129,113,56,14,227,16,7,28,122,56,188,3,0,24
67,248,204,5,0,255,195,14,192,248,0,222,239,49,254,207,29,111,198,11,0,0,240,188,241,194,0,240,254,63,193,223,31,0,80,14,229,34,129,125,1,184,252,129,0,37,64,110,144,11,114,32,231,189,255,237,237,229,160,127,10
3,237,223,67,16,243,97,36,210,253,9,147,207,115,240,255,123,63,136,0,17,24,227,188,247,199,196,32,252,127,64,156,17,1,228,156,222,253,126,0,50,18,186,127,136,60,192,224,248,31,255,241,143,99,255,255,255,15,1,224,63
37,253,204,36,128,59,224,63,192,188,64,223,199,48,255,131,25,99,231,141,0,0,240,222,49,34,0,120,255,11,240,223,27,32,114,70,111,4,163,140,24,25,253,35,64,154,21,254,255,143,112,0,119,121,225,203,195,229,249,255,1
225,66,63,7,0,128,254,59,8,231,254,0,0,128,0,248,255,248,31,6,0,0,32,128,1,0,0,0,64,204,254,255,31,0,64,241,20,175,248,227,197,199,99,121,255,32,192,225,112,16,14,225,0,7,30,62,63,31,6,0,62
97,189,76,36,128,153,240,55,193,222,224,255,255,49,247,131,25,97,70,136,0,0,96,198,191,35,0,60,199,8,252,221,29,51,99,110,238,246,119,136,16,185,221,35,96,143,189,247,239,45,49,18,243,94,64,198,196,64,254,59,33
195,233,139,199,1,254,247,63,128,250,143,140,195,113,254,159,17,248,159,15,0,0,64,120,225,199,3,225,249,255,223,189,127,173,2,4,90,245,126,9,118,19,168,126,80,154,193,255,240,15,254,224,15,127,252,255,255,255,123,240,32
32,253,1,0,217,191,52,183,251,158,192,143,199,113,254,55,0,16,7,228,144,207,123,74,1,3,2,250,127,185,52,202,249,119,247,238,239,14,132,157,57,59,223,165,4,31,176,30,172,135,253,216,255,255,255,255,195,225,126,255,1
65,237,11,4,0,177,224,63,130,253,11,154,223,115,238,191,1,224,6,8,0,0,96,128,195,3,0,0,252,255,199,157,107,230,194,76,204,117,239,185,0,33,253,175,68,26,37,254,255,47,241,2,223,120,128,207,199,227,121,255,31
124,253,129,227,253,255,199,127,15,248,128,140,6,128,239,39,0,162,239,247,252,223,63,124,240,225,227,251,255,255,72,221,79,247,251,254,0,112,63,29,250,57,252,1,0,203,225,95,120,8,15,0,192,127,255,255,255,15,2,0,52
8,237,159,72,18,240,229,46,150,189,75,243,255,127,245,138,0,32,0,0,0,0,128,16,114,237,238,2,220,47,225,173,27,235,108,157,214,185,126,10,117,246,11,127,136,60,54,191,223,183,249,191,31,112,64,231,227,243,253,239,39
95,200,255,255,123,254,199,108,2,240,15,255,3,14,0,136,255,255,255,255,255,144,207,125,247,239,239,227,253,255,224,149,65,4,168,12,0,240,126,9,246,3,248,127,0,248,255,159,49,248,255,251,15,2,8,254,63,28,2,0,10
64,237,15,0,0,178,229,46,214,253,75,223,239,123,244,202,1,96,0,8,0,0,128,128,119,199,198,2,216,187,240,173,26,171,102,213,86,253,111,40,85,87,171,107,217,188,39,255,201,55,232,131,14,52,208,245,247,243,255,47,7
95,125,252,255,121,255,229,127,0,248,143,253,255,39,64,138,113,255,255,143,251,152,255,255,255,239,227,243,253,191,240,189,31,0,232,253,70,240,126,8,16,48,184,127,0,222,255,255,255,127,97,19,0,0,0,4,253,3,254,111,11
248,125,130,232,127,254,39,54,219,255,128,205,135,0,255,11,0,130,143,247,249,223,15,8,226,197,199,35,255,255,176,128,233,255,7,0,255,47,230,249,49,115,251,127,0,158,165,255,235,15,40,0,176,126,250,245,255,219,254,34,7
72,237,3,76,18,96,135,240,31,192,239,3,219,119,238,63,2,128,8,248,211,17,1,0,38,78,79,1,8,255,24,9,216,174,222,221,0,168,232,187,1,87,163,127,221,62,136,156,187,255,255,119,47,250,238,17,255,235,123,248,63
0,192,7,0,2,64,95,16,232,67,165,128,66,247,174,247,2,160,0,0,0,3,4,0,0,8,157,135,32,244,79,146,4,36,145,36,95,70,146,203,150,128,72,50,242,7,192,18,176,20,214,97,13,107,172,255,91,255,75,249,60
128,70,23,0,34,64,11,8,228,57,19,0,138,111,220,254,47,36,0,0,0,19,16,0,0,132,156,1,50,118,3,128,2,224,49,61,211,3,30,122,246,246,120,94,49,32,0,144,32,150,196,127,14,98,141,159,19,143,99,232,63
33,13,14,0,0,16,48,52,154,214,141,3,68,209,255,247,31,32,0,0,0,14,112,0,0,2,0,188,201,157,56,0,25,64,254,200,137,76,100,145,35,35,155,231,12,30,0,16,128,12,144,0,9,72,33,67,66,254,123,253,60
32,127,3,0,72,221,60,62,223,255,240,8,167,129,223,222,0,0,0,0,0,137,76,64,145,35,3,144,255,140,127,216,29,118,199,238,239,127,247,221,145,152,255,51,226,7,193,116,48,13,166,64,66,247,255,191,187,223,19,162,39
32,93,7,0,0,144,124,52,154,254,173,9,135,33,220,158,0,160,0,0,0,15,0,0,0,0,0,0,228,141,254,146,157,96,151,236,223,14,246,217,179,179,219,127,96,15,1,72,0,14,192,0,4,100,147,39,35,147,245,206,31
24,236,131,192,114,238,135,66,13,248,240,148,203,127,254,63,0,2,128,16,241,87,15,56,226,197,215,227,122,255,8,145,72,164,250,253,0,80,58,169,242,17,249,126,112,138,224,63,248,7,255,241,143,255,255,255,255,95,3,0,55
39,252,205,7,128,255,120,46,210,189,11,255,207,115,244,143,25,117,70,133,0,8,240,255,211,3,0,208,253,47,231,223,23,65,252,186,175,123,77,16,96,106,126,205,11,244,255,255,223,31,243,49,143,249,247,239,207,167,160,255,26
0,232,3,4,0,102,131,228,31,248,75,131,195,241,238,63,0,0,0,56,48,1,0,0,0,194,193,224,56,255,0,81,244,53,189,166,40,90,83,77,251,138,254,65,170,53,8,30,138,255,255,22,191,248,226,193,199,227,123,255,63
229,255,111,39,193,221,252,63,224,127,183,204,195,120,255,143,29,249,119,143,136,0,120,245,145,35,34,222,229,142,255,255,31,1,32,110,238,246,127,0,186,185,221,51,98,199,253,27,145,42,218,162,245,127,160,122,107,191,169,93,24
64,8,2,4,0,16,192,68,130,144,141,3,12,0,0,30,0,96,0,8,0,0,0,0,3,6,0,0,128,3,192,153,100,38,201,36,76,226,146,203,0,128,72,50,98,7,192,64,48,8,6,96,0,3,15,30,31,12,2,192,62
10,253,129,196,17,238,135,228,31,184,75,191,219,119,236,63,0,6,128,169,243,0,243,121,98,207,207,99,121,255,32,13,81,195,253,253,0,48,94,16,33,242,251,255,11,116,224,31,248,79,255,244,239,255,255,253,255,7,193,238,63
72,205,3,72,90,176,161,228,158,144,15,131,195,123,254,127,0,0,0,48,145,191,11,0,34,238,70,2,204,155,48,17,201,196,190,223,8,64,36,187,127,3,184,239,77,26,146,150,164,253,255,223,79,210,235,215,2,104,127,250,37
8,236,17,72,126,32,131,236,150,180,75,19,139,107,252,94,38,0,0,112,51,255,159,0,0,204,204,0,24,51,0,16,17,68,252,189,155,73,76,51,247,34,50,223,139,116,54,141,77,179,123,255,79,52,211,254,131,209,188,111,11
64,205,3,0,0,32,1,34,81,204,232,19,10,67,200,254,0,0,0,0,0,0,0,128,2,4,68,0,26,51,128,136,49,98,68,140,197,40,198,155,49,50,26,127,128,62,96,16,24,12,131,48,136,193,191,61,127,7,1,200,62
67,189,220,7,0,243,161,68,31,248,129,219,255,115,244,223,191,95,0,136,17,0,192,220,115,231,2,32,254,31,112,149,9,69,232,238,138,116,119,17,50,1,252,247,4,223,123,223,158,223,251,61,15,144,247,129,192,225,248,255,3
37,253,76,36,128,187,48,64,219,222,192,255,253,50,118,195,17,65,4,136,8,0,240,110,17,119,3,56,239,8,60,0,224,118,86,206,237,44,193,221,1,56,255,1,200,255,123,207,142,219,123,21,167,184,247,196,197,225,188,127,3
203,137,145,236,51,242,195,63,130,248,1,3,253,127,102,143,50,230,207,23,49,25,3,152,243,231,199,96,252,255,192,251,31,66,200,28,140,96,158,255,1,32,248,255,0,0,80,8,52,250,255,255,95,55,205,254,1,252,0,100,11
37,189,108,38,128,155,48,18,89,222,224,133,64,152,127,193,159,123,71,136,8,0,112,238,17,34,32,184,255,8,124,202,24,32,114,198,231,44,227,140,25,59,191,35,196,222,17,7,0,128,48,136,227,159,255,255,192,124,158,51,1
67,237,141,68,0,243,193,63,130,148,137,159,195,113,254,135,1,226,207,11,16,0,224,156,243,194,64,96,252,63,192,255,31,68,128,8,205,72,198,25,51,34,252,255,0,252,229,63,168,2,69,80,215,127,254,255,255,3,122,240,10
97,189,72,36,0,187,240,55,210,156,201,223,1,50,244,11,25,224,207,204,8,0,112,204,17,3,0,48,221,11,244,189,125,111,37,136,210,248,119,0,55,54,26,247,136,183,63,239,223,7,32,1,3,24,113,230,192,112,252,63,1
161,255,109,6,128,159,240,63,241,142,224,159,199,113,238,231,29,112,6,12,0,0,112,238,1,3,0,252,255,204,254,255,31,0,112,222,231,61,111,52,120,122,255,129,1,248,223,254,183,7,242,32,15,121,229,203,203,239,121,255,48
74,13,144,108,18,242,161,102,147,252,201,191,207,99,224,95,48,2,140,248,49,29,195,152,99,198,0,32,216,191,32,29,81,231,236,156,142,248,95,16,33,34,58,223,137,244,255,255,191,254,215,1,0,0,0,78,71,131,104,221,30
65,232,11,12,0,96,199,62,192,248,128,149,131,119,238,31,3,224,154,29,1,0,0,128,231,5,204,3,72,255,180,13,229,79,7,32,134,242,148,80,160,164,80,246,46,231,128,61,96,7,236,225,15,118,252,253,255,255,255,102,15
37,254,205,7,128,255,60,128,251,86,165,129,199,241,255,207,223,127,4,8,0,0,112,237,177,3,0,252,237,207,62,36,13,73,243,107,191,158,52,16,172,173,17,180,14,199,113,26,156,134,211,56,237,255,255,111,79,35,168,223,24
248,201,3,252,127,254,191,253,31,240,15,196,195,249,255,7,0,128,129,255,255,251,15,0,0,254,239,247,253,255,31,129,238,255,191,246,0,0,58,232,254,211,237,123,240,72,156,31,230,243,252,255,127,254,249,67,64,252,255,23,8
97,77,11,6,1,152,244,63,200,250,165,9,246,193,207,63,1,240,14,12,128,0,0,192,191,3,2,2,111,221,254,217,107,182,130,86,108,101,239,189,91,9,253,33,85,154,133,245,255,47,172,194,26,86,16,244,247,219,255,8,55
39,232,253,167,129,255,126,4,130,243,143,252,255,127,96,207,249,127,70,15,0,0,240,255,255,163,3,209,245,206,31,0,4,64,241,42,175,34,148,80,160,168,252,149,46,167,247,255,253,63,255,243,15,18,72,254,255,75,62,48,1
24,255,3,192,127,238,55,244,223,255,239,205,35,136,255,0,0,0,0,112,251,255,15,232,224,193,239,227,253,255,24,81,93,213,255,255,168,84,127,245,251,43,252,133,15,207,241,127,124,0,0,224,192,255,255,255,63,28,2,0,15
8,238,3,0,114,230,7,0,232,255,246,152,207,99,236,63,0,0,0,16,1,63,143,0,227,199,199,3,120,255,0,8,160,2,67,96,255,47,176,250,1,252,227,254,255,203,227,252,56,31,231,96,140,115,255,255,223,207,1,240,63
33,253,15,2,193,153,60,145,186,70,173,13,2,65,153,244,1,56,0,4,128,0,120,96,128,3,3,159,231,204,62,170,140,42,91,229,85,6,128,218,145,181,203,118,230,79,160,17,104,4,141,208,248,127,190,255,255,27,102,0,62
8,224,135,0,54,98,3,4,230,255,3,130,195,123,254,223,36,2,0,0,17,23,151,8,34,196,197,33,58,119,0,144,0,36,176,52,219,91,2,9,254,3,104,94,176,32,178,158,172,183,245,255,207,114,235,247,131,203,127,254,55
160,71,15,2,0,220,62,118,219,222,165,1,131,225,223,254,7,24,0,6,192,0,28,96,128,1,3,131,255,221,30,48,197,76,159,233,153,202,20,211,167,167,80,254,46,39,0,25,64,14,200,128,12,230,152,49,255,223,231,12,31
225,87,11,6,65,221,190,108,158,253,31,10,135,97,221,94,16,20,4,140,224,8,74,112,193,131,3,210,247,238,55,84,119,213,175,250,170,123,125,117,235,235,252,141,15,32,64,93,80,15,234,160,126,247,221,187,187,255,161,78,31
10,230,151,201,50,98,71,0,160,3,55,192,251,127,255,248,34,174,136,3,49,51,135,24,226,204,237,33,184,127,192,42,1,2,80,8,215,39,128,250,0,252,19,190,7,0,194,158,184,151,247,251,15,123,239,255,223,239,67,240,63
32,13,6,0,128,0,184,112,31,254,252,129,195,241,255,127,1,0,0,8,0,0,16,0,0,0,0,252,190,3,64,195,67,48,248,222,96,0,15,60,121,122,254,1,0,56,0,2,128,0,16,0,49,204,48,97,226,254,255,159,48
74,237,157,72,18,242,193,101,146,148,143,51,159,103,192,191,118,230,157,145,51,59,131,25,103,238,206,32,152,63,224,179,25,108,154,205,216,204,230,155,55,3,152,126,0,31,224,28,56,31,231,112,142,115,238,255,223,11,66,240,63
65,237,9,68,0,242,225,62,146,252,137,119,171,127,212,30,0,224,136,8,0,0,128,8,119,239,70,0,156,63,224,215,61,68,132,136,136,72,101,213,191,3,220,229,14,255,126,31,24,7,227,191,223,125,231,239,143,131,160,255,31
65,141,9,4,0,187,244,63,146,220,137,3,0,114,254,7,1,224,207,220,128,0,64,128,49,3,2,48,221,155,244,255,127,69,6,0,128,124,103,144,43,35,159,229,12,223,0,0,0,0,0,64,128,87,254,255,255,15,2,0,53
71,137,252,15,0,0,193,32,0,252,200,19,221,55,96,207,253,127,255,0,0,0,240,255,47,6,0,0,8,17,224,77,25,66,64,136,134,120,237,16,33,40,183,229,15,62,111,206,255,255,255,55,7,0,0,0,204,225,184,255,11
33,242,237,1,128,31,8,192,109,2,244,132,193,112,255,199,255,127,0,8,0,0,112,110,0,2,0,252,239,4,26,130,132,32,121,103,81,2,0,78,156,156,73,18,242,199,251,31,160,145,117,217,135,186,255,255,215,233,62,115,1
39,226,237,3,128,255,1,128,233,74,164,144,203,115,254,207,255,127,4,0,0,0,112,254,241,98,1,252,255,87,200,255,31,0,248,61,90,240,10,10,86,20,8,30,48,64,160,30,136,19,245,89,143,250,255,255,215,227,122,247,3
33,253,108,6,128,27,240,63,192,252,128,255,207,115,246,143,25,96,70,76,0,4,96,198,91,1,0,88,215,8,245,221,29,81,34,74,166,124,119,0,40,59,255,165,12,159,255,255,255,39,49,18,243,124,32,196,197,99,252,255,0
119,141,253,110,1,187,229,54,130,220,141,195,96,254,51,193,255,255,255,15,152,128,0,76,50,229,230,51,255,15,240,223,123,100,134,0,200,124,111,153,123,3,252,103,128,126,130,135,64,185,125,219,7,4,120,254,245,120,190,3,1
75,233,221,76,0,242,129,68,18,248,137,19,253,127,64,223,119,255,140,152,17,16,129,8,247,238,71,0,156,63,192,145,97,68,136,8,0,96,230,185,51,0,184,255,0,62,34,156,56,255,255,113,14,128,238,221,223,195,115,254,55
67,232,221,68,0,243,97,0,192,222,224,3,252,127,236,223,59,98,128,8,16,0,192,136,255,71,64,32,254,29,56,8,32,34,68,0,237,46,194,221,1,16,255,103,192,63,32,180,169,55,245,123,143,120,234,223,223,3,123,255,55
1,237,141,0,0,251,101,54,192,222,192,179,255,127,238,231,1,34,128,0,0,0,97,200,251,67,64,32,127,255,120,140,21,0,224,238,238,126,247,88,1,184,223,215,0,55,242,255,255,191,255,251,207,127,255,255,231,99,254,255,33
65,173,200,100,1,187,225,110,146,188,73,163,124,213,42,229,19,194,132,152,16,8,65,8,113,227,2,112,223,27,160,91,251,214,198,136,140,108,237,191,33,34,190,237,13,62,8,192,159,255,251,46,243,153,36,0,72,100,128,255,0
10,160,156,65,18,114,131,224,23,184,75,3,216,119,238,255,63,134,128,185,49,27,3,24,99,198,196,96,24,247,1,0,64,132,252,191,0,64,93,117,255,2,124,221,187,52,0,0,158,219,255,61,239,249,255,137,136,228,0,255,3
223,240,201,255,177,255,199,63,0,120,3,192,251,255,255,30,4,239,255,63,120,130,23,60,224,224,225,241,252,127,192,255,31,0,16,10,173,7,133,253,40,232,253,132,7,65,120,30,158,239,255,254,255,255,247,13,207,3,128,255,30
1,253,79,1,40,119,10,64,159,249,31,242,251,255,255,247,195,47,0,0,0,0,0,128,254,248,253,253,158,35,1,0,224,54,23,4,109,14,130,255,17,152,207,51,224,207,255,190,191,247,226,127,79,64,193,139,3,238,113,254,63
192,73,11,28,0,0,195,62,128,248,129,192,253,191,119,8,2,224,8,24,1,1,0,128,251,244,244,1,190,17,128,24,240,246,135,128,76,104,194,255,3,2,252,67,136,52,15,233,123,127,237,135,20,4,16,32,189,155,246,4,15
74,73,147,76,19,160,229,63,128,212,205,83,187,127,221,62,0,226,136,25,17,17,129,136,230,205,252,35,152,255,160,147,232,238,7,0,73,64,130,255,119,1,136,126,80,26,62,240,255,247,253,255,127,64,0,0,2,2,255,223,60
0,140,20,8,22,0,193,241,24,128,236,3,232,126,245,138,39,224,25,48,1,19,144,0,0,12,252,3,128,71,75,183,92,4,184,237,0,64,114,203,255,3,200,119,224,7,0,0,0,240,251,255,111,152,225,66,0,244,189,127,0
8,182,0,64,62,102,131,64,23,184,80,194,227,127,255,79,0,2,128,112,113,191,7,8,96,196,197,97,188,119,0,65,64,80,248,190,32,0,5,124,251,250,254,129,11,48,120,14,158,243,243,191,239,249,231,3,0,224,184,255,11
88,253,3,92,145,170,165,224,27,200,232,247,251,127,241,56,0,64,200,120,155,0,177,204,50,101,124,35,204,29,56,199,241,247,63,142,0,8,64,16,59,59,255,197,136,63,106,159,222,255,251,191,175,245,247,45,237,151,160,79,31
32,232,3,4,0,208,152,68,159,248,141,1,205,115,254,95,35,0,0,24,1,0,0,0,211,190,39,1,244,78,15,16,64,100,157,188,136,66,86,123,255,3,120,255,2,37,128,152,48,223,255,97,14,227,255,253,255,207,99,236,63
65,141,31,8,2,0,207,53,128,214,205,3,0,114,248,255,127,232,27,0,0,0,128,0,2,4,12,1,0,255,207,255,29,0,64,40,196,162,182,218,161,180,91,246,34,7,0,0,0,0,64,193,5,32,184,254,127,189,174,68,10
11,236,151,64,18,50,1,128,162,16,135,188,207,99,232,255,124,34,136,0,17,62,255,121,35,78,68,32,136,255,48,2,136,66,210,89,223,5,160,187,32,101,145,174,69,218,247,158,44,151,245,123,15,114,239,223,147,203,123,248,63
64,237,3,76,83,170,39,20,234,255,173,133,195,115,238,63,0,144,139,252,209,23,13,72,34,69,70,35,105,255,188,2,233,235,6,64,215,13,164,178,97,119,179,239,77,154,224,63,248,7,238,241,143,127,254,253,255,223,229,12,31
193,253,128,68,17,255,37,174,247,189,73,215,235,127,244,31,1,66,128,105,176,0,241,220,96,193,192,114,253,191,160,165,115,239,37,129,210,249,126,0,117,118,2,127,136,244,123,62,24,7,227,60,239,249,247,207,207,3,128,255,39
11,237,197,67,121,255,39,36,215,189,9,255,139,115,240,223,16,22,128,5,176,156,251,253,243,231,194,98,253,191,32,0,1,235,230,221,223,253,238,16,32,116,155,255,0,222,251,159,120,18,255,249,143,135,255,255,255,31,128,0,15
37,253,193,98,217,255,181,118,219,248,129,215,227,122,247,11,0,114,193,4,144,130,249,124,48,97,230,243,255,159,120,159,217,103,254,220,193,4,38,152,50,49,189,239,68,94,248,31,12,242,255,255,239,255,255,143,1,0,160,111,11
65,237,143,6,1,251,117,44,150,181,91,222,239,123,244,207,1,112,0,12,128,0,240,221,99,71,2,34,221,191,244,155,187,230,214,220,205,77,174,187,115,115,185,111,85,218,231,255,200,7,73,145,141,36,242,255,255,147,252,79,30
65,141,93,4,0,176,32,108,150,181,75,3,196,48,247,203,127,119,0,8,0,0,16,0,0,166,2,16,220,11,245,183,23,68,156,141,216,200,70,59,247,34,18,223,136,52,0,0,128,27,120,129,7,60,244,254,235,245,189,127,10
0,200,11,4,0,98,195,53,130,214,143,133,67,241,238,183,3,226,155,3,0,0,0,0,32,64,204,165,40,119,136,65,233,80,2,10,160,4,37,212,234,233,253,133,15,75,128,30,0,0,244,65,15,122,232,255,255,235,127,254,55
1,141,31,12,0,16,192,63,144,148,75,7,0,176,119,131,15,224,255,5,0,0,48,128,0,0,0,68,144,51,225,191,21,64,132,172,218,218,86,91,183,178,90,215,138,117,0,11,0,0,88,131,21,44,176,104,249,255,173,87,8
32,93,7,0,74,217,60,54,251,222,165,77,135,1,255,30,0,32,0,0,0,159,8,0,17,39,2,18,239,136,126,138,157,98,215,236,223,46,246,217,145,177,219,119,224,207,147,117,100,9,36,64,64,86,249,255,147,248,127,32,39
32,77,7,0,0,176,116,52,154,214,141,11,167,33,255,158,0,32,0,0,0,3,0,0,0,38,38,2,236,13,252,146,29,100,135,236,203,78,118,217,247,19,218,127,128,255,131,253,96,15,236,192,6,118,216,247,183,219,127,102,15
96,237,3,0,0,248,188,118,155,222,141,195,227,123,255,158,0,32,0,0,0,0,0,0,0,119,39,2,255,141,254,179,25,108,142,205,216,204,102,155,247,3,152,127,64,31,144,30,164,159,244,73,79,122,255,255,211,255,127,255,11
67,253,201,100,0,255,193,62,194,252,9,159,131,115,238,191,17,226,207,143,16,0,64,156,243,227,65,240,252,63,128,157,123,231,102,72,206,252,111,144,32,49,187,239,4,158,241,126,188,7,231,120,223,123,239,223,223,3,97,254,63
67,233,137,68,0,255,193,62,130,252,15,159,203,115,236,63,17,226,142,143,16,0,64,152,243,195,66,96,253,255,160,157,107,239,6,8,142,244,254,144,32,33,185,254,4,154,224,126,189,7,231,112,223,123,239,255,223,7,65,252,63
97,125,15,6,65,153,244,54,219,222,165,13,2,65,221,252,29,112,6,140,128,0,120,192,1,3,2,130,239,205,254,221,25,119,230,206,238,124,119,152,58,57,253,167,68,223,160,1,104,0,13,208,248,255,255,183,183,27,118,0,63
65,61,8,4,0,176,245,54,219,222,205,15,6,65,200,191,59,242,142,220,145,29,137,128,35,7,6,2,206,153,180,9,249,70,70,200,132,44,228,145,33,35,147,239,204,158,97,112,24,12,130,32,136,193,119,13,14,6,193,187,53
33,2,108,4,128,21,88,2,64,8,240,148,3,114,234,231,221,97,6,136,0,0,112,183,1,2,0,220,7,0,79,84,0,0,176,243,59,95,1,0,206,11,68,0,255,225,34,18,0,0,0,21,143,136,227,197,199,35,248,255,48
0,86,2,0,118,0,39,229,191,6,207,135,193,248,255,7,6,128,1,48,0,119,15,0,0,0,252,239,89,255,32,0,192,93,191,255,185,4,1,151,254,47,5,128,79,223,21,51,129,4,144,138,249,124,32,231,99,242,255,159,52
39,236,237,71,128,255,195,63,192,57,1,148,203,123,246,143,25,255,247,7,0,0,96,252,241,227,193,253,255,127,200,189,31,0,160,12,222,245,127,0,114,17,184,126,0,216,227,31,0,3,241,241,143,121,255,255,255,195,248,255,3
112,93,2,0,75,217,188,114,91,218,228,77,135,128,255,26,0,0,0,240,136,223,12,0,17,35,34,18,247,136,127,139,221,98,255,238,64,38,246,217,145,177,223,119,224,207,145,117,100,1,0,64,64,214,253,251,19,252,87,32,39
65,189,72,100,0,51,224,38,211,252,200,203,237,49,247,11,17,224,198,216,24,0,96,140,113,98,0,112,222,27,160,157,241,255,7,132,198,248,238,24,49,50,186,111,136,62,8,238,207,251,121,20,247,188,227,192,197,225,188,127,11
