0,1,2,3,4,5,6,7,8,9,10,11,12,13,14,15,16,17,18,19,20,21,22,23,24,25,26,27,28,29,30,31,32,33,34,35,36,37,38,39,40,41,42,43,44,45,46,47,48,49,50,51,52,53,54,55,56,57,58,59,60
33,162,108,4,128,17,88,2,96,8,240,152,207,115,234,231,221,105,6,8,0,0,112,183,1,2,0,220,7,0,207,76,0,0,96,2,55,50,1,0,8,204,71,0,255,37,34,242,155,31,241,17,143,136,226,197,207,35,248,255,48
129,18,124,52,140,1,8,195,101,9,48,12,4,0,0,203,255,105,119,232,14,206,112,167,9,0,16,156,6,0,11,68,224,219,121,59,183,147,5,4,236,252,21,128,7,0,13,96,7,232,0,6,112,128,0,0,0,0,188,55,1
32,31,124,62,142,1,48,229,182,4,79,71,32,72,185,240,223,1,119,232,14,238,112,7,0,48,56,28,6,0,62,102,243,217,62,219,179,13,69,52,111,111,55,193,141,124,12,1,67,224,8,158,240,132,0,0,32,16,206,9,48
97,173,9,4,128,1,192,38,208,220,200,135,193,58,119,11,1,96,2,8,0,0,48,128,0,0,96,48,254,17,176,143,243,227,4,132,198,57,206,56,49,114,62,79,136,60,0,37,192,3,120,223,151,62,240,246,245,241,190,39,1
33,173,13,4,128,139,244,51,96,206,244,129,66,221,187,165,1,96,6,8,0,0,112,192,1,2,0,252,75,152,252,214,184,52,2,66,111,12,33,141,26,11,253,33,212,94,128,23,224,21,188,227,11,94,120,249,250,126,223,51,32
32,6,3,28,132,0,56,192,31,114,191,0,224,249,255,71,23,208,1,248,142,3,16,0,0,34,2,156,199,136,62,66,136,16,90,127,33,4,160,255,232,253,253,160,119,10,0,0,130,254,255,143,127,252,225,1,192,251,255,255,60
55,94,255,255,255,143,126,27,96,79,244,28,131,97,252,254,255,255,255,231,196,254,255,255,128,1,18,207,99,236,255,172,42,163,2,64,247,191,42,128,80,253,171,42,245,218,63,253,75,127,233,150,190,116,0,1,166,211,253,239,63
224,7,23,8,6,0,222,122,77,235,244,64,114,221,191,48,166,128,43,120,69,87,0,0,10,20,60,11,34,64,223,255,31,0,32,121,242,255,127,66,254,255,67,188,127,195,223,247,231,253,188,199,9,128,8,17,240,254,95,144,52
161,246,76,7,128,221,56,137,182,37,27,158,199,113,238,223,93,116,4,140,0,0,112,245,69,3,2,220,209,238,55,34,163,202,20,25,255,15,136,51,101,100,34,254,29,248,255,127,128,15,112,0,5,120,228,201,235,247,249,255,10
37,253,77,6,0,255,248,38,81,220,200,219,237,48,246,203,25,121,68,0,0,136,112,252,177,35,0,240,255,15,62,149,64,101,248,236,74,112,118,8,178,19,216,127,0,191,1,103,192,9,56,128,179,191,254,244,253,115,190,35,1
247,77,111,183,193,205,254,61,178,247,79,3,130,233,255,190,223,253,255,207,196,0,104,226,221,3,3,254,119,236,191,123,255,223,7,136,128,73,236,247,99,99,243,253,143,188,1,97,65,5,8,128,176,127,80,253,255,251,255,15,55
165,135,109,38,129,157,60,48,248,199,236,3,0,126,255,252,223,249,119,14,128,0,112,102,0,1,34,158,231,140,191,34,173,123,7,32,255,142,148,222,165,191,67,246,46,71,24,0,0,192,184,255,239,223,255,1,0,112,221,43,37
183,79,255,167,193,221,126,63,224,215,143,67,162,253,255,184,223,255,255,15,128,0,104,244,209,35,35,255,247,142,255,254,31,64,6,200,255,223,109,179,239,99,179,237,15,158,128,33,96,0,0,192,222,126,216,255,179,251,255,0,55
37,237,205,37,0,255,200,102,211,248,128,255,253,62,114,195,17,97,68,8,0,0,240,254,243,99,0,240,255,15,8,132,0,33,160,132,74,120,86,8,178,18,250,127,128,117,243,206,188,155,255,121,198,3,255,255,27,12,0,240,3
245,237,111,183,193,223,126,60,254,255,79,119,43,126,209,184,1,125,119,15,200,0,248,119,216,177,179,223,247,142,191,17,249,253,135,200,136,204,110,251,255,3,144,255,205,254,238,29,64,6,239,255,143,119,222,189,255,147,229,14,31
128,247,3,0,34,64,15,201,255,39,91,202,229,184,255,10,0,0,0,16,0,7,2,0,0,128,140,65,176,111,7,160,6,168,249,253,219,223,126,106,247,215,2,126,176,160,1,111,192,11,120,128,71,255,253,251,243,253,191,119,3
225,16,72,36,128,29,184,239,23,184,0,130,64,144,47,3,17,97,68,136,8,0,112,134,25,34,0,220,215,0,119,223,95,20,248,254,32,112,255,69,11,8,252,1,187,53,0,2,128,0,16,4,115,189,245,64,200,252,153,55,0
192,247,0,0,22,32,3,220,223,251,183,136,199,241,255,7,0,0,0,48,0,95,7,0,0,4,68,0,126,247,0,80,235,255,255,255,168,229,191,255,255,105,253,172,23,200,129,22,128,9,48,0,227,254,251,243,211,250,127,251,33
128,231,3,0,2,0,0,208,251,206,236,197,67,122,255,1,0,0,0,48,0,3,16,0,0,0,108,0,128,17,8,64,244,121,5,170,227,26,87,92,191,191,94,145,170,103,16,14,128,192,252,255,239,254,251,243,195,248,255,127,0
0,254,1,0,128,2,1,192,255,7,180,196,227,255,255,67,0,0,0,0,0,2,16,0,0,0,216,252,9,51,0,130,224,191,191,231,113,4,2,206,158,159,139,34,240,79,248,31,132,193,255,255,255,255,255,215,67,232,123,251,32
128,199,3,0,0,0,72,153,236,7,183,196,99,252,255,33,0,0,0,0,0,3,16,0,0,0,24,12,0,0,139,178,170,253,23,17,255,15,0,255,255,87,1,42,213,88,1,23,128,72,184,128,59,254,248,225,250,255,255,191,32
55,255,127,163,239,221,60,192,255,247,175,92,175,107,240,222,253,29,65,102,200,254,254,127,144,33,39,147,247,140,63,130,168,235,55,237,223,15,2,136,180,247,219,127,192,223,255,159,12,151,225,255,206,144,219,183,7,0,118,238,7
231,239,255,191,105,221,254,63,224,55,31,252,247,241,255,135,91,255,255,7,128,140,110,244,247,163,131,247,245,239,255,255,31,128,64,28,213,47,142,250,65,244,251,127,17,248,151,255,229,167,244,75,95,122,232,251,211,255,127,255,48
97,137,92,36,0,209,56,104,215,189,90,2,220,0,64,203,191,117,68,8,0,0,224,132,83,35,0,16,214,10,55,0,228,230,133,164,205,107,222,123,147,130,120,127,178,37,0,160,116,147,110,233,70,1,255,254,9,252,0,98,3
72,61,0,72,18,34,37,18,105,74,164,240,251,127,117,138,1,96,8,0,0,0,128,136,46,93,254,3,8,209,184,180,106,173,162,85,90,213,106,169,86,83,169,106,212,26,255,235,255,251,95,191,101,161,133,2,0,164,128,85,10
119,137,203,247,225,255,127,37,162,23,143,151,3,126,254,63,29,127,255,239,248,2,254,127,192,227,163,251,255,239,191,0,224,255,7,0,235,15,0,245,251,43,252,129,15,60,0,0,0,0,92,225,5,47,188,248,255,255,47,80,24
8,22,2,8,54,32,3,192,191,7,63,72,245,129,255,90,0,0,0,48,17,119,7,0,0,68,220,1,8,115,64,74,132,0,248,255,37,2,128,255,129,252,255,145,35,129,31,253,79,39,32,3,18,16,0,130,129,208,255,110,7
0,246,4,0,0,0,67,18,224,74,164,129,207,113,238,247,0,0,0,0,0,0,0,128,0,0,0,160,58,247,200,254,31,0,112,99,255,31,16,64,140,253,69,16,118,3,61,238,159,239,113,0,247,121,227,198,197,225,56,255,10
0,246,3,0,2,0,0,192,255,143,248,255,239,123,248,126,0,0,0,0,0,23,48,0,0,0,28,0,0,0,0,0,240,255,127,183,119,187,91,0,1,222,110,65,249,116,251,31,254,254,255,253,239,255,255,89,95,175,107,217,60
37,22,108,38,136,157,120,59,96,47,112,94,32,10,113,200,157,113,103,196,8,140,112,231,25,33,32,220,199,8,255,253,31,161,104,191,82,241,127,0,220,254,43,90,176,176,20,225,255,35,0,138,208,5,0,126,33,16,132,5,8
63,204,239,231,241,255,191,82,9,248,160,245,3,126,251,116,173,95,130,239,255,0,253,255,250,193,247,243,255,255,62,0,64,113,107,238,2,242,127,0,184,185,223,51,98,7,0,224,249,7,0,227,15,127,252,255,255,255,79,0,60
0,127,3,0,0,80,8,228,191,148,75,207,231,105,255,94,0,0,0,0,0,3,16,0,0,0,128,112,156,39,1,0,128,237,253,191,219,203,86,123,247,34,90,223,138,245,255,255,227,77,152,132,49,206,48,97,240,251,255,9,48
223,9,246,235,127,255,255,62,73,250,224,1,195,113,238,223,254,191,206,87,241,255,175,248,255,69,199,163,255,255,216,253,31,0,232,237,78,246,255,72,128,144,200,127,226,71,0,0,0,0,160,12,255,252,225,195,131,226,255,255,55
8,54,148,72,62,34,3,128,232,71,180,220,5,0,114,67,34,2,128,112,17,255,135,8,34,68,220,33,8,113,0,136,128,171,112,85,247,191,138,10,16,252,11,122,240,200,183,231,237,9,0,0,0,18,122,246,244,88,30,34,1
129,18,12,4,128,0,72,139,96,7,114,14,2,64,238,255,29,96,7,72,0,0,112,128,0,0,0,28,0,0,195,239,159,10,80,49,21,139,128,126,5,252,3,222,187,161,13,242,135,103,0,6,112,72,0,0,64,226,121,255,52
96,253,3,0,0,153,180,238,151,189,91,126,191,107,208,94,0,0,0,136,0,0,208,69,23,191,2,16,197,136,55,178,155,236,222,221,221,205,136,187,119,67,32,110,209,56,113,93,92,159,251,160,206,245,255,255,175,215,161,239,15
129,2,12,4,128,0,0,131,101,11,112,12,4,0,136,247,9,0,0,72,0,0,112,128,1,0,0,12,2,0,193,174,6,138,112,17,119,171,136,34,68,220,3,26,243,224,127,191,3,86,0,15,15,128,0,0,128,227,249,255,63
1,134,7,0,128,0,64,137,96,7,118,4,2,97,255,191,9,96,2,0,0,0,32,128,0,0,0,4,0,16,0,34,160,154,18,81,247,15,128,166,68,253,3,40,247,8,0,32,0,4,0,0,8,127,254,255,255,255,83,250,55
33,232,77,6,0,221,56,0,73,218,164,209,233,126,244,203,61,121,0,0,0,0,240,228,17,35,2,144,239,12,190,4,36,33,33,32,66,18,83,64,154,155,223,19,226,231,254,159,252,214,255,255,143,173,255,255,127,37,128,85,24
101,93,75,38,1,249,52,18,73,122,160,248,255,65,216,126,17,0,4,136,0,8,224,254,255,247,3,144,255,143,63,132,32,175,98,84,254,255,127,8,16,81,169,42,112,202,187,221,66,223,233,1,6,144,219,129,165,211,255,110,7
0,2,14,0,0,0,64,9,96,33,114,6,2,64,238,255,15,160,2,80,0,5,32,128,0,0,0,0,0,32,1,68,160,145,32,2,127,31,9,0,222,91,237,1,245,152,14,184,3,54,0,7,29,0,0,0,226,247,253,223,62
24,54,160,88,254,34,3,128,105,79,240,64,120,127,179,96,238,2,0,112,119,255,159,11,0,92,252,35,10,113,0,0,32,161,2,68,255,159,43,136,92,221,175,42,240,10,120,10,158,242,223,255,239,169,191,2,0,160,168,85,26
74,253,149,72,18,162,39,64,27,216,192,159,143,0,244,95,38,6,136,48,49,23,131,8,98,196,204,34,24,255,32,129,72,38,250,204,64,100,166,153,16,17,217,119,64,223,99,255,216,15,128,0,128,225,254,237,255,3,193,207,63
33,224,109,5,128,95,24,0,0,0,11,155,223,99,228,223,157,101,4,136,0,0,112,255,81,2,0,252,151,2,167,18,160,4,16,0,15,8,0,1,2,0,52,193,155,52,97,78,152,79,243,0,164,249,238,205,255,131,32,255,11
0,13,15,0,0,16,32,196,190,151,15,3,133,97,255,223,21,64,0,168,0,0,80,0,0,2,0,0,128,0,33,3,193,214,254,255,129,0,128,253,105,106,254,141,13,120,0,24,0,0,224,0,223,122,225,247,195,235,127,255,31
0,13,18,8,6,0,1,128,240,134,205,27,14,1,200,254,34,0,0,0,0,63,129,0,2,4,12,0,128,17,32,0,128,74,94,237,213,172,128,250,1,244,3,254,140,63,0,224,31,190,193,1,8,64,1,7,3,130,225,238,63
8,28,0,8,22,0,129,192,31,136,248,71,0,106,209,88,2,0,0,120,23,23,1,128,2,4,252,0,8,17,32,1,192,36,254,255,0,0,0,139,127,19,139,111,220,254,8,32,0,0,0,191,238,128,147,0,4,0,244,79,31
65,13,220,46,8,177,224,22,203,218,133,1,0,8,217,248,191,247,207,248,25,128,97,140,51,96,96,48,222,9,240,191,233,111,2,72,197,36,166,152,32,49,153,166,68,30,0,32,4,0,0,223,192,128,3,6,0,0,222,0,53
33,13,126,36,136,17,240,114,89,202,228,1,32,120,255,224,191,233,103,0,8,128,48,134,16,32,48,152,174,0,218,223,28,32,56,230,64,16,115,8,154,155,207,115,224,31,0,0,130,240,28,207,97,136,57,64,64,56,255,17,56
0,13,2,8,6,0,160,226,31,216,200,87,3,106,208,26,0,0,0,120,1,23,0,0,2,4,92,0,8,17,32,5,80,97,254,255,0,16,102,0,254,51,255,111,200,190,8,32,2,64,0,191,126,128,1,0,0,0,244,207,63
222,29,240,251,127,34,229,127,27,248,129,253,3,24,119,1,226,151,255,247,255,255,143,8,254,255,255,35,94,17,240,245,95,85,174,238,170,244,127,0,254,3,252,129,78,159,30,255,255,7,0,191,127,8,0,2,0,240,253,255,8
33,93,79,32,136,25,176,114,89,222,236,1,66,209,171,245,159,0,2,232,4,78,112,130,9,0,16,188,111,0,126,205,29,50,110,238,228,60,247,156,9,186,255,65,204,63,0,24,0,134,193,24,236,225,207,7,3,131,97,238,63
1,189,140,68,0,114,1,96,83,220,200,139,253,48,118,203,51,98,132,136,16,8,65,8,35,102,64,32,140,31,32,0,16,2,68,136,221,104,196,59,1,34,26,207,136,188,97,234,216,10,67,32,132,173,247,108,109,133,160,95,10
103,8,252,247,129,255,240,23,192,90,160,149,139,115,236,255,255,127,255,207,216,4,240,255,255,1,0,252,255,223,252,255,43,1,0,0,175,116,32,0,2,1,156,160,68,26,62,156,15,247,241,63,255,96,129,7,3,131,121,255,63
224,189,0,36,8,17,24,244,223,254,141,199,129,184,127,10,0,0,1,184,8,11,16,0,0,34,0,16,134,0,138,144,245,255,135,136,233,74,87,93,251,35,252,215,10,245,120,15,0,192,120,253,231,191,255,130,129,241,188,119,11
65,253,13,0,128,51,160,102,147,220,201,215,235,123,255,218,1,32,0,0,0,0,32,140,49,0,96,56,158,1,64,149,80,37,188,172,72,80,86,9,187,19,220,119,160,247,33,45,72,3,105,144,214,62,211,246,165,193,190,103,11
39,232,253,71,129,255,245,45,160,5,15,215,105,58,112,193,255,127,255,15,128,0,240,255,255,129,226,254,253,175,245,181,75,65,40,8,130,208,46,16,126,117,177,174,5,138,231,235,249,2,11,176,144,47,190,252,255,19,132,5,8
224,9,92,44,8,17,200,127,0,216,137,3,244,160,119,138,18,225,68,144,8,137,0,128,17,34,0,16,134,0,192,255,95,0,200,174,0,224,215,255,17,50,94,71,136,55,0,224,247,251,126,15,86,0,1,2,0,252,190,119,3
64,253,139,70,81,254,183,240,31,216,236,253,255,123,252,31,0,18,128,252,209,0,73,104,161,67,67,162,249,255,124,141,90,35,248,255,0,240,255,8,16,112,251,127,208,30,224,255,255,7,255,240,143,127,255,255,255,27,6,0,8
65,13,94,0,0,176,160,100,155,252,137,119,40,14,16,200,107,17,0,8,1,16,128,132,55,37,44,2,132,9,52,1,96,111,175,205,0,240,127,0,54,19,138,127,200,255,242,177,88,16,0,249,12,128,223,191,47,4,128,0,63
24,254,3,0,118,100,79,23,232,79,164,252,175,107,220,30,0,0,136,2,81,255,159,40,162,68,221,3,40,245,72,164,12,33,35,101,255,191,54,0,148,189,201,54,102,199,255,255,255,23,239,241,14,242,255,255,191,223,115,238,15
65,128,12,4,128,1,200,34,80,252,72,159,131,114,238,207,25,96,6,8,0,0,112,128,1,2,0,0,2,0,193,223,55,5,4,128,14,122,95,1,131,2,126,209,171,245,111,30,0,19,96,1,6,176,224,193,207,231,249,255,11
101,237,79,6,1,153,60,84,159,250,173,93,11,106,208,252,191,89,0,200,129,0,240,230,19,5,6,2,231,140,63,4,105,247,175,204,138,244,127,144,250,35,253,255,68,222,227,157,120,16,143,241,136,134,223,191,191,27,6,0,63
200,225,3,220,50,96,207,126,31,248,11,246,227,255,255,63,0,128,8,249,247,17,2,0,98,196,213,1,58,247,129,85,247,253,143,40,136,80,95,81,254,3,252,149,11,33,204,21,115,253,255,231,63,255,92,1,252,255,215,136,53
225,233,11,6,1,255,255,118,139,218,165,129,227,123,255,15,1,224,135,14,128,0,96,232,161,1,2,227,255,255,190,27,239,254,15,8,128,96,164,255,35,33,240,254,15,11,0,3,251,127,255,246,191,255,240,224,253,255,255,15,0
1,224,13,4,128,2,193,2,64,232,112,183,219,119,238,247,1,96,0,8,0,0,32,128,32,0,64,32,24,115,192,205,18,1,32,0,38,249,123,0,72,90,175,9,249,184,255,254,191,127,240,3,27,88,32,193,223,227,121,255,48
0,226,7,0,16,34,3,18,233,79,244,16,255,127,196,223,0,0,0,0,0,17,129,136,39,68,68,32,8,117,8,0,0,10,96,65,255,247,191,130,4,252,1,62,116,11,0,8,158,230,247,255,255,255,239,79,15,131,97,253,30
1,136,76,4,128,17,96,13,224,1,19,136,197,16,230,199,29,96,7,136,0,8,112,128,1,2,0,28,0,0,224,94,11,0,2,64,175,5,32,128,0,105,181,168,85,202,3,6,0,9,48,0,3,24,224,195,195,227,121,255,1
1,160,12,0,128,0,64,2,65,107,112,184,94,17,170,231,1,96,0,0,0,0,112,131,13,0,0,12,2,48,192,221,2,17,96,22,110,113,59,0,88,88,236,0,241,8,1,118,128,13,176,0,3,216,110,221,254,99,91,187,32
8,236,129,64,50,226,135,102,211,248,129,131,66,255,170,119,2,2,128,56,49,19,3,8,34,196,196,35,122,255,96,2,17,64,120,138,135,8,196,16,33,190,94,197,10,53,192,178,248,5,191,249,139,223,255,255,255,46,1,185,48
229,249,201,231,129,255,248,127,130,120,7,156,207,113,254,143,25,125,199,143,64,0,112,252,241,163,3,240,253,207,159,149,226,255,135,0,74,112,63,9,242,1,252,63,16,72,237,95,251,111,255,18,247,127,162,196,255,3,252,255,10
1,224,13,0,0,34,65,18,73,74,240,1,0,0,96,207,191,98,0,0,0,0,0,128,32,0,64,32,14,17,192,237,10,0,104,5,70,240,43,8,16,92,9,2,208,24,97,96,56,8,7,48,128,159,255,253,255,3,0,16,0
0,22,4,0,134,0,1,129,228,7,114,14,4,0,240,199,8,0,0,64,0,63,176,129,0,0,12,0,0,48,96,46,144,11,116,145,247,15,0,2,5,254,3,201,191,244,1,96,0,8,0,0,208,13,55,110,0,36,136,27,48
10,232,145,72,18,98,7,0,162,16,15,151,74,119,232,119,32,6,136,9,49,16,147,24,98,206,205,32,24,255,0,0,128,2,80,0,207,13,128,185,1,16,184,111,208,248,226,22,184,21,183,241,139,91,255,255,255,10,2,176,53
1,12,92,0,0,48,64,2,65,123,176,140,197,16,118,195,31,96,7,0,0,12,112,128,1,2,0,0,174,17,200,159,26,0,96,84,78,125,106,40,80,80,169,107,209,216,159,231,195,57,48,1,1,0,32,192,224,252,158,51,0
32,127,7,0,78,153,60,145,255,71,237,77,167,33,253,218,0,0,0,0,0,255,28,0,0,0,32,155,231,140,126,164,8,41,242,253,255,159,118,138,246,183,139,126,224,95,49,93,68,139,233,0,230,247,223,167,163,209,244,110,15
32,230,7,0,128,8,60,145,232,71,254,69,163,127,253,254,13,32,0,0,0,0,48,128,0,0,56,159,103,200,126,38,28,9,50,243,247,159,112,0,252,255,131,240,255,207,160,61,72,7,233,218,222,118,219,183,183,195,247,238,39
33,226,15,0,128,15,15,192,36,1,114,134,195,249,255,199,13,96,0,8,0,0,112,185,0,0,200,253,57,247,67,32,0,8,184,27,187,129,0,2,238,79,0,136,31,224,227,31,192,2,122,161,7,189,254,253,255,247,188,7,10
11,184,232,124,156,51,129,224,19,128,72,247,1,62,50,65,253,71,255,249,191,84,243,159,123,192,244,104,30,51,32,1,208,255,252,159,0,0,64,0,31,30,2,67,136,244,255,47,220,1,1,255,247,191,119,238,196,0,152,55,0
97,141,221,38,0,185,240,44,146,189,75,3,236,48,118,195,127,119,70,12,0,0,96,196,19,35,2,16,221,11,245,157,27,66,68,136,206,125,238,185,33,34,186,239,136,60,0,192,240,61,190,65,3,26,124,255,251,254,27,49,32
65,233,79,36,0,241,56,108,150,189,11,27,255,99,204,223,17,101,4,136,0,0,192,148,87,175,2,80,148,15,103,24,19,194,196,152,140,107,222,255,33,96,122,223,11,52,67,222,157,255,243,33,15,121,229,207,203,231,241,255,31
88,253,129,64,255,255,165,102,223,252,64,143,195,113,255,15,2,134,128,245,176,223,15,8,96,195,194,114,255,187,96,215,27,116,252,222,234,88,79,29,123,3,252,135,0,252,97,62,128,7,96,48,239,255,255,239,207,227,249,255,7
32,77,3,0,74,145,112,20,234,90,165,9,36,129,153,48,0,0,0,0,0,191,12,0,17,34,32,144,229,12,62,138,140,34,83,100,223,46,178,219,16,177,217,118,100,143,208,48,52,132,134,233,72,67,189,127,19,188,3,128,60
97,253,79,6,0,253,252,62,130,255,15,254,255,99,204,223,17,96,4,136,0,0,224,244,247,131,3,208,253,239,63,8,99,239,71,24,206,255,254,177,33,96,250,255,13,184,247,255,255,63,246,98,29,123,128,254,219,255,99,252,30
97,253,7,0,0,153,116,52,154,254,143,143,199,113,255,143,0,32,0,0,0,0,112,128,1,2,0,176,253,159,252,92,27,215,230,218,174,125,127,148,43,43,255,229,13,222,1,126,128,7,240,0,207,253,247,239,239,247,253,255,11
88,141,16,252,95,48,225,119,154,220,205,135,193,120,255,7,2,192,255,255,255,223,13,0,0,68,116,34,254,25,248,255,255,117,13,132,0,88,70,25,187,51,222,87,136,247,18,22,0,128,48,223,79,216,113,195,194,248,255,187,33
33,253,5,0,0,249,56,118,219,222,141,133,195,113,255,79,0,0,0,0,0,0,112,0,1,2,0,248,255,143,62,163,221,104,255,253,192,6,54,219,183,183,219,126,0,207,1,30,128,3,112,0,231,255,255,255,247,235,127,255,3
88,141,144,120,95,32,33,192,27,200,236,199,225,126,247,65,110,130,139,248,255,247,9,0,34,68,124,2,8,145,56,0,224,255,31,196,0,0,226,140,17,63,159,99,196,95,30,143,135,243,121,255,127,184,225,194,1,240,254,127,1
33,253,1,0,128,255,56,94,207,123,176,204,231,177,255,71,0,0,0,8,0,0,112,244,145,35,0,248,255,14,63,206,138,243,115,126,239,39,163,140,16,248,253,2,112,202,240,38,188,129,39,120,231,255,255,255,155,76,2,112,1
10,12,148,72,126,114,3,0,215,189,75,3,197,32,254,207,62,134,137,241,49,255,143,8,98,196,196,32,156,63,0,0,0,64,248,253,223,93,78,24,119,115,58,255,0,60,1,76,0,27,96,0,4,176,231,198,197,225,184,127,11
225,15,126,0,0,16,56,144,168,66,165,0,4,128,0,252,255,224,5,0,0,0,64,0,1,6,0,0,0,0,255,187,15,0,67,105,156,230,180,251,128,165,209,190,102,11,0,144,0,20,128,1,8,64,9,27,2,14,67,200,62
10,141,244,88,94,32,97,35,96,142,232,3,96,126,243,160,238,243,255,5,17,247,139,8,34,68,252,34,10,17,240,197,24,0,40,196,66,28,103,128,125,127,159,99,204,94,18,4,4,240,249,255,79,0,97,194,0,240,255,127,1
10,13,240,120,30,34,65,47,240,133,75,7,1,58,246,11,126,231,223,241,59,191,3,8,98,196,236,32,152,51,224,190,179,232,4,0,255,143,70,59,119,118,26,255,136,244,0,12,0,0,96,191,95,48,193,134,131,193,252,255,15
37,127,110,2,204,139,116,179,241,135,232,255,43,111,209,248,76,49,66,4,8,246,248,255,16,33,252,30,197,8,244,239,31,0,112,223,247,157,96,0,125,255,3,239,221,254,255,255,223,254,203,187,220,100,131,46,7,0,228,205,30
3,114,124,5,128,5,8,128,36,1,18,254,143,34,64,222,217,100,6,72,0,0,240,255,79,0,0,76,0,50,1,4,128,1,248,59,147,16,0,0,228,236,0,156,3,225,255,255,127,55,99,119,6,0,0,140,157,65,16,102,7
225,162,12,0,128,1,72,139,100,33,18,132,64,148,47,129,0,96,4,0,0,8,64,0,1,2,0,252,1,0,193,239,6,154,65,55,116,179,155,110,204,220,0,24,51,128,129,98,181,0,20,64,81,27,40,218,88,252,11,49,32
3,130,253,5,128,34,65,9,164,37,91,2,192,113,238,247,255,239,151,1,0,0,112,17,64,128,128,100,144,55,193,51,2,0,144,17,25,193,8,35,118,70,0,222,17,48,0,0,128,36,240,2,31,120,224,205,207,231,249,255,48
138,230,143,64,16,226,7,225,52,5,91,131,218,127,170,247,69,102,144,1,16,0,17,89,100,206,202,102,25,251,32,32,208,136,28,145,17,137,64,51,231,70,2,223,155,52,224,27,248,190,255,251,159,127,254,255,255,3,0,136,60
1,14,4,0,128,0,64,163,113,132,200,7,2,197,136,245,9,0,0,0,0,0,32,129,4,0,8,12,0,16,72,47,145,74,124,153,151,136,192,18,37,110,2,205,137,188,0,48,0,4,128,0,248,88,34,69,70,34,89,251,52
1,140,157,4,0,32,33,96,81,140,200,3,64,48,254,199,191,66,0,8,0,0,48,128,0,0,64,32,74,177,48,0,0,0,68,196,68,44,226,136,1,58,159,103,204,63,0,128,192,17,120,129,7,28,250,244,247,243,254,55,0
192,169,1,68,0,242,165,100,151,188,9,3,254,245,238,63,1,64,0,25,48,0,0,16,96,230,198,98,253,191,225,219,245,118,197,0,12,96,215,255,1,0,252,213,138,53,0,0,16,254,255,48,255,249,231,205,207,231,65,255,63
33,127,79,6,129,157,60,215,251,70,165,205,199,113,255,207,25,81,4,200,128,0,112,228,145,3,2,220,247,142,191,172,237,127,39,101,214,254,118,0,180,181,203,118,96,15,0,30,192,15,248,128,127,253,241,225,227,255,253,255,10
193,233,13,4,0,247,203,46,211,252,9,247,251,127,255,3,1,96,0,9,32,0,0,156,243,228,228,113,188,47,129,220,117,247,5,128,238,250,127,88,177,186,126,215,138,53,214,143,245,251,126,235,7,41,253,250,217,253,41,119,8
165,246,77,39,136,223,56,219,111,35,50,128,229,249,255,195,157,125,68,136,8,0,112,246,145,35,3,252,247,12,255,255,31,176,248,127,127,7,11,44,220,221,45,0,113,0,192,70,180,143,254,104,127,255,253,251,219,254,27,243,32
97,237,11,4,1,248,247,63,192,254,173,193,251,127,255,7,0,224,2,14,0,0,0,192,131,1,7,131,255,255,190,137,121,98,6,64,196,44,230,184,49,125,187,239,68,30,164,247,251,39,253,246,191,127,120,252,255,123,255,1,32
64,233,3,0,0,170,167,253,158,144,143,131,195,249,255,39,0,192,1,56,0,1,0,0,0,194,67,244,253,255,224,247,31,4,184,255,8,64,33,133,255,3,188,1,221,30,0,14,129,255,252,143,127,124,224,195,195,255,255,255,8
0,160,0,64,18,34,67,0,96,45,112,6,129,114,254,15,0,162,130,16,16,23,3,136,32,64,204,32,152,119,128,128,160,34,0,4,87,35,130,40,16,252,41,62,48,192,32,12,0,3,97,49,135,185,230,204,205,193,184,255,11
8,236,129,64,240,238,167,100,150,188,75,215,227,127,255,37,0,0,128,0,48,7,59,216,96,193,228,243,253,255,32,17,193,213,190,254,136,64,4,21,254,3,252,133,15,254,240,31,248,133,255,249,207,255,255,255,255,46,1,144,48
0,232,1,0,0,0,199,103,18,148,73,131,195,121,255,7,0,224,1,0,0,3,16,0,0,0,220,99,123,255,225,119,151,68,188,170,137,72,0,85,255,3,116,197,15,53,8,30,131,103,248,143,127,252,224,193,227,243,253,255,32
64,136,0,68,0,34,129,66,1,8,16,2,196,16,118,67,6,130,0,248,17,15,1,0,32,64,64,32,10,17,96,139,72,34,90,68,64,36,162,136,16,89,173,34,80,26,0,68,8,89,49,0,130,144,98,196,196,65,184,127,1
8,143,5,0,22,32,7,164,242,148,201,131,193,120,255,67,6,128,0,48,0,87,1,0,0,68,220,33,10,241,64,230,17,0,60,223,243,24,64,0,125,127,23,193,136,124,0,7,192,57,120,130,19,60,112,228,245,243,254,63,1
225,242,205,5,128,255,202,31,196,57,19,156,199,113,254,143,25,108,71,11,0,0,112,252,193,2,0,252,253,111,199,255,31,128,96,28,222,241,95,32,112,116,56,142,17,240,247,127,249,15,115,48,215,127,246,254,255,131,160,127,11
0,238,133,65,48,230,7,0,245,255,88,255,195,127,254,199,0,6,0,0,48,6,183,184,96,192,196,225,122,255,0,14,144,163,116,188,247,47,192,0,1,254,123,95,184,244,243,191,248,23,118,249,15,59,255,255,255,255,26,115,1
161,247,108,0,128,25,240,155,109,3,182,252,199,48,246,195,29,96,6,128,0,12,240,199,1,2,0,28,135,0,254,253,11,137,234,95,114,245,63,128,124,125,129,42,85,202,63,126,132,131,112,8,119,120,225,194,195,225,253,255,8
1,240,140,0,0,51,1,192,113,0,240,223,203,115,254,79,9,2,0,200,16,0,240,188,97,0,64,96,188,55,0,6,128,33,248,245,67,0,0,0,20,84,8,126,240,200,63,254,143,23,241,25,15,120,227,199,199,227,121,255,7
3,240,205,5,128,119,3,0,101,41,16,48,223,119,192,255,191,111,0,8,0,0,240,190,225,194,128,224,190,119,65,138,128,32,80,4,71,1,128,8,16,80,236,26,112,0,224,108,184,15,247,112,198,255,255,255,255,3,0,240,7
161,2,30,0,0,0,88,9,36,33,50,0,0,136,17,216,127,109,0,0,0,0,0,0,0,0,4,0,128,6,199,239,15,0,65,53,84,163,154,106,208,252,105,62,51,193,195,225,112,16,14,225,0,2,28,190,184,92,6,0,7
67,137,216,124,1,50,225,63,0,216,129,3,84,213,170,39,51,226,255,159,17,0,64,8,55,126,64,32,140,17,176,219,249,118,6,64,12,100,231,191,1,1,189,229,76,94,46,142,131,250,243,23,55,0,0,0,204,227,184,255,10
128,162,1,0,128,0,8,168,116,165,90,135,64,144,127,195,12,32,3,0,0,6,48,128,0,0,0,92,2,32,39,64,180,145,53,178,55,11,89,100,205,254,102,1,187,101,0,22,128,1,176,128,59,94,112,225,250,255,255,187,32
63,2,252,247,253,239,15,128,224,7,15,28,0,2,96,195,255,127,255,231,255,254,255,255,245,193,195,255,253,255,11,2,128,0,48,9,179,0,0,0,44,236,3,132,15,192,231,226,0,16,0,1,0,0,2,254,93,0,2,80,8
71,9,252,39,128,17,224,55,192,222,228,1,220,19,34,231,255,251,254,136,0,8,96,140,191,2,0,52,140,17,216,255,29,0,96,0,238,246,247,0,0,176,221,54,98,7,6,232,143,191,209,3,21,0,0,70,71,161,120,255,26
65,137,152,108,0,50,225,55,0,216,133,1,64,114,226,7,51,226,255,158,17,0,192,136,35,70,64,32,238,29,216,157,121,39,2,0,72,244,239,137,18,1,153,111,196,94,32,6,0,105,53,22,179,90,98,196,244,66,126,179,33
33,12,127,5,128,17,24,0,192,222,236,137,198,81,238,231,255,111,6,0,0,0,240,130,1,2,0,8,38,0,10,0,4,0,97,44,198,254,119,80,160,184,223,247,34,231,255,254,161,31,144,1,9,0,32,215,211,235,123,255,60
1,124,15,0,128,1,56,225,186,134,205,31,3,99,252,255,9,64,0,8,0,0,112,128,0,0,0,0,128,0,31,2,245,77,189,169,155,10,0,80,175,167,82,213,142,247,33,60,8,5,161,16,254,114,203,151,151,67,127,238,39
65,173,237,4,128,59,225,54,192,222,232,131,192,245,238,231,63,226,135,8,0,0,112,136,33,66,0,32,110,209,248,223,29,0,0,2,237,108,231,157,25,26,254,1,128,63,0,0,128,28,246,0,11,121,254,253,255,239,121,255,48
88,253,131,206,115,254,183,254,31,248,9,255,239,123,255,31,0,16,128,255,241,21,15,248,227,197,199,227,253,255,52,155,217,239,255,253,0,0,196,251,35,35,154,255,12,255,255,191,222,7,248,189,47,253,247,233,239,247,253,127,11
255,253,248,255,89,255,244,63,226,255,141,253,235,58,247,11,49,255,255,239,255,136,253,127,251,247,99,243,255,143,252,255,63,231,6,0,254,255,255,152,49,49,255,111,0,222,255,159,206,211,121,157,7,144,243,129,224,241,254,127,1
64,13,2,0,0,48,32,36,154,214,143,3,171,123,252,30,0,0,0,0,0,0,0,0,2,38,4,0,140,15,48,144,177,100,132,140,201,72,198,251,179,50,122,255,8,53,2,200,0,30,192,1,12,32,128,67,3,183,233,223,30
101,237,141,70,144,191,229,118,154,218,141,241,249,127,119,195,1,98,128,8,16,0,113,254,185,97,99,255,255,221,248,212,25,85,162,206,234,92,111,149,122,3,252,165,12,30,32,15,235,239,253,214,255,127,242,244,247,67,254,39,1
94,249,201,229,57,255,195,70,3,248,129,252,239,123,246,15,0,14,192,251,249,128,247,124,241,227,227,241,255,127,0,213,64,53,232,254,0,112,127,9,154,16,252,3,48,33,252,126,255,231,255,254,255,127,226,222,199,1,122,255,3
222,125,210,255,127,254,247,255,150,176,11,255,255,107,253,30,32,159,223,255,255,255,143,252,247,237,239,227,253,255,53,19,243,255,159,217,128,0,132,187,119,99,50,255,13,188,255,255,255,7,0,58,244,117,129,174,3,132,160,207,31
64,253,0,0,2,176,96,46,209,253,72,219,110,1,248,52,0,0,0,16,0,29,0,128,3,2,0,0,254,9,48,136,84,98,239,236,68,122,247,216,17,178,255,119,160,183,243,247,252,31,46,32,0,3,255,255,255,92,0,32,33
32,205,3,0,0,0,48,18,73,74,164,5,0,8,17,0,0,0,0,0,0,0,0,0,0,0,20,0,6,0,188,128,40,33,2,68,67,22,50,136,146,145,205,51,228,207,128,33,96,0,12,192,131,158,126,253,254,123,158,0,33
72,189,0,72,30,34,129,230,159,248,137,135,64,144,239,7,2,128,128,248,117,31,7,0,32,64,68,32,58,119,0,65,209,87,255,238,128,64,197,213,43,42,254,197,14,247,0,38,128,0,0,0,195,155,255,223,214,104,26,243,32
1,232,143,4,0,226,103,129,160,6,141,189,79,83,232,247,25,98,0,8,0,0,240,249,33,66,0,32,8,255,200,182,128,0,176,1,95,8,0,3,22,4,0,126,224,191,229,251,249,15,221,80,153,111,190,255,255,11,110,208,56
0,61,0,0,30,0,32,114,89,206,240,1,229,57,255,10,0,0,0,16,0,223,1,0,0,4,68,0,78,17,56,140,8,35,122,239,71,62,242,136,16,189,223,119,228,15,24,20,6,221,249,156,239,252,243,129,128,96,255,255,37
240,29,64,126,73,153,240,127,31,252,201,7,0,152,255,33,2,209,199,252,255,137,8,68,17,35,34,118,221,11,180,253,255,255,143,140,136,248,255,121,243,34,122,255,136,117,0,2,0,192,16,140,121,253,49,65,64,244,253,31,56
224,2,2,0,0,0,218,16,8,90,165,4,0,128,239,15,0,224,1,8,0,0,0,0,0,0,0,128,32,68,143,65,228,21,3,34,32,2,17,69,138,137,212,144,102,195,128,0,32,0,4,64,16,2,8,52,53,153,38,0,31
245,9,120,126,73,153,244,63,146,252,75,3,228,128,255,129,255,245,255,253,175,137,72,68,17,35,34,30,199,8,245,255,255,255,7,0,200,253,255,255,115,19,252,111,208,62,0,192,199,249,248,6,113,28,0,0,224,252,253,63,0
128,2,10,4,0,0,200,13,164,33,27,14,129,32,244,31,0,224,5,24,0,1,0,0,0,2,0,4,128,34,195,183,22,172,132,149,91,217,74,43,247,70,32,94,185,176,1,236,1,3,96,0,22,48,192,130,129,253,113,254,7
64,0,12,0,0,16,64,8,100,33,82,14,4,0,118,195,23,32,5,0,0,11,80,0,0,2,0,0,128,0,192,175,35,234,64,29,214,177,142,58,116,116,32,46,17,216,23,230,128,25,48,0,2,16,96,194,193,224,127,255,1
1,12,252,4,0,51,96,0,192,218,129,5,0,112,255,247,63,227,207,0,0,0,112,136,33,0,0,32,254,27,240,66,169,64,2,72,165,4,164,148,40,121,191,165,76,222,34,7,0,16,0,223,11,0,115,246,230,112,254,51,33
33,12,110,4,128,25,248,116,26,222,237,1,0,120,255,207,31,243,71,8,0,0,112,128,1,0,0,188,239,9,120,213,21,0,184,174,72,90,87,73,187,3,220,87,160,119,0,2,0,0,16,207,9,8,48,114,98,252,239,17,56
103,224,205,167,128,255,218,31,64,88,160,188,203,119,228,143,25,108,239,15,0,0,240,255,209,130,1,248,255,110,207,191,44,37,161,36,74,82,18,73,146,16,72,50,240,71,225,30,184,15,247,112,255,127,255,255,223,67,18,242,1
97,249,9,38,129,255,180,70,31,248,1,255,223,115,238,31,17,80,4,204,136,0,240,254,211,3,2,16,255,143,191,95,251,215,78,72,132,36,236,181,33,104,255,237,13,26,105,90,218,223,251,52,237,253,247,9,237,167,161,223,26
101,249,79,39,128,223,184,228,155,208,141,255,255,247,238,199,17,65,4,136,0,0,112,255,213,35,0,252,245,14,63,91,197,118,253,238,128,66,148,93,163,160,220,149,42,167,255,255,255,255,253,71,61,104,32,64,117,171,127,221,24
33,125,12,0,128,17,48,22,223,255,128,220,131,97,252,222,1,96,0,8,0,0,112,128,1,2,0,16,132,8,255,223,27,97,186,222,235,29,38,152,122,115,189,239,68,218,81,126,132,6,208,0,77,249,231,203,67,231,249,255,26
216,237,139,198,81,254,247,63,134,253,31,238,243,253,255,33,0,80,128,61,248,0,11,88,96,225,227,247,253,191,245,253,127,243,6,64,230,253,255,184,0,121,191,239,68,154,225,247,248,15,190,224,139,127,254,253,255,127,135,0,48
101,233,239,39,129,159,244,118,138,218,165,253,127,95,186,229,191,123,198,142,128,0,112,238,177,99,3,184,239,221,254,93,125,87,171,42,34,240,127,4,170,8,252,129,46,199,255,255,255,255,255,241,141,2,190,255,255,11,2,16,56
32,31,2,0,128,17,48,145,249,71,244,5,2,121,255,60,0,0,0,0,0,2,16,0,0,0,0,28,134,0,190,230,187,249,54,94,247,13,41,188,124,255,191,41,85,218,16,56,4,130,0,8,108,224,193,3,3,192,121,255,31
229,249,77,39,128,221,248,167,162,0,9,255,255,190,68,203,25,113,68,140,8,0,112,246,209,35,2,220,247,14,191,191,245,111,5,8,221,170,134,91,37,52,18,246,0,247,255,255,255,31,223,97,5,1,190,255,127,191,0,80,26
64,233,9,4,0,243,129,228,31,248,79,131,215,241,239,71,1,64,0,184,0,0,64,0,1,194,1,224,253,255,65,215,90,36,186,214,0,80,107,173,91,3,236,35,244,30,30,222,151,255,255,15,63,248,224,193,193,255,121,255,8
225,249,11,70,65,255,247,118,219,254,173,221,231,113,255,7,0,112,134,78,192,0,124,248,161,1,3,243,255,255,190,169,251,255,7,8,148,233,254,255,97,116,51,255,13,184,79,255,243,111,248,134,61,252,176,97,255,255,253,31,24
160,6,3,0,128,0,56,147,109,67,244,4,0,128,127,0,0,0,0,0,0,6,48,0,0,0,16,28,2,0,62,226,174,186,19,119,117,7,146,238,220,221,203,50,242,195,0,33,64,0,8,128,16,6,16,112,240,255,255,0,24
64,232,1,0,50,230,135,68,18,184,9,131,210,255,174,183,0,32,0,0,0,23,27,0,0,192,196,99,122,255,32,0,225,214,221,170,173,64,132,117,43,32,252,133,11,117,242,151,252,149,255,255,207,95,255,255,27,92,0,0,37
0,30,2,8,14,0,32,208,127,206,236,1,164,201,221,60,2,128,0,48,1,255,1,0,0,12,60,0,0,0,56,0,136,185,255,255,115,15,122,232,221,223,235,123,254,15,24,0,6,248,216,141,109,224,177,1,0,244,237,207,62
37,254,205,167,161,255,222,30,196,123,19,220,195,123,255,143,25,125,199,15,232,128,118,252,209,163,163,251,255,79,15,132,2,161,32,28,206,115,127,32,240,240,252,31,17,128,253,127,255,167,127,254,255,127,194,254,207,1,56,119,3
128,198,3,0,0,0,8,201,52,5,95,6,2,241,239,55,0,0,0,0,0,0,16,0,0,0,8,4,0,34,67,42,151,202,85,185,149,139,136,242,101,252,3,254,31,96,64,16,0,0,146,224,13,111,189,251,123,255,1,221,60
1,160,141,4,0,50,193,193,32,0,122,146,203,115,252,223,29,96,0,8,0,0,240,136,1,0,0,32,184,119,64,167,195,8,248,29,16,128,0,2,118,116,0,254,0,72,32,28,8,247,241,31,143,248,226,197,199,195,121,255,31
67,224,159,5,0,102,199,5,160,0,15,188,203,119,224,247,125,110,1,1,0,0,240,57,0,206,197,65,56,255,129,19,224,6,152,0,9,64,128,251,2,0,96,126,51,192,231,159,184,57,255,243,131,3,110,254,255,11,2,48,0
117,29,252,183,237,159,252,119,219,218,164,221,7,0,255,200,221,95,119,238,254,206,252,255,153,35,34,254,231,12,254,255,223,127,255,239,226,252,119,128,56,59,223,39,68,223,63,127,199,239,64,0,240,252,129,0,0,240,253,79,10
101,141,223,110,1,187,240,63,64,218,228,1,0,152,63,1,0,224,255,63,216,3,16,0,0,96,103,179,239,77,218,255,31,0,72,68,64,116,171,141,16,17,253,35,80,90,128,0,0,0,14,248,197,239,255,255,59,28,2,0,24
15,128,223,239,0,247,200,31,160,0,7,248,255,127,0,218,251,127,220,139,105,0,192,189,255,255,167,1,180,103,195,191,14,32,248,85,71,32,130,8,16,20,8,62,112,138,230,240,255,55,134,123,31,0,0,222,31,14,65,248,62
71,232,237,101,128,119,0,64,131,120,129,252,235,126,240,202,57,111,196,138,24,0,240,191,255,230,1,176,188,7,8,0,96,239,234,76,74,244,63,128,50,17,185,46,68,74,242,13,124,147,127,253,207,183,255,255,159,1,48,102,3
71,232,205,7,128,255,160,78,71,249,16,208,233,126,119,203,61,127,4,13,0,0,240,254,113,227,130,112,255,191,165,4,234,255,2,64,2,245,47,160,126,93,161,40,85,90,251,159,218,219,255,253,175,185,255,205,237,5,128,119,0
75,232,137,68,16,242,199,47,64,156,72,191,207,51,224,135,0,226,158,5,16,16,131,152,247,197,204,34,152,191,160,140,52,43,101,164,86,250,222,8,1,148,74,127,160,181,227,231,249,27,63,225,3,15,254,252,255,127,140,1,0
1,60,108,0,128,31,48,192,187,0,133,221,131,40,245,218,93,3,1,96,0,6,112,93,0,0,0,252,133,11,224,223,157,0,184,110,235,6,0,204,186,185,221,1,96,199,127,255,70,17,0,141,2,128,81,162,160,80,220,15,33
33,236,77,5,128,221,26,18,207,123,164,252,203,123,252,223,17,96,0,8,0,0,240,255,129,2,0,128,244,111,207,181,37,97,33,36,210,210,22,0,182,181,88,118,34,71,92,30,151,247,255,255,127,249,229,75,75,231,169,255,26
8,230,129,64,48,247,3,224,215,189,72,251,255,127,244,26,0,0,0,32,48,2,19,24,0,246,245,112,254,51,1,130,128,237,181,189,251,11,0,8,254,183,90,95,160,229,105,31,88,66,251,180,175,253,254,173,255,19,132,15,31
101,224,15,7,1,252,255,29,136,114,167,252,251,255,174,231,25,120,6,14,64,0,96,237,183,3,3,181,233,223,222,93,107,215,234,90,128,117,45,177,106,97,245,172,71,138,247,255,253,55,252,251,15,2,72,254,243,255,127,240,33
72,77,3,76,18,176,161,255,31,240,143,13,135,97,255,31,0,128,9,184,51,19,1,0,2,254,71,0,24,119,192,255,91,36,170,213,0,212,110,169,126,3,169,110,212,26,141,92,163,127,253,70,62,122,8,17,247,251,127,248,63
116,237,11,255,65,252,255,63,192,250,133,192,233,123,255,10,1,248,255,127,237,0,8,96,192,181,183,211,247,238,255,215,63,165,6,4,202,95,126,137,251,19,252,127,240,30,72,255,250,95,255,164,175,255,254,169,253,247,133,15,3
72,253,3,72,118,224,167,253,31,32,127,214,195,127,255,63,0,128,137,48,179,63,15,0,2,206,206,2,152,255,96,183,94,164,250,255,0,208,42,171,254,19,169,126,240,218,247,31,20,135,243,56,207,121,247,255,11,231,225,255,31
224,253,0,0,8,253,184,94,143,122,165,128,224,248,255,3,2,160,0,16,0,129,12,128,241,99,99,247,253,143,254,181,108,45,139,101,88,214,54,203,254,3,0,62,96,11,80,2,148,208,150,237,109,137,255,75,72,252,9,145,56
225,199,79,38,129,221,248,191,239,7,182,128,225,121,255,203,25,121,70,140,0,0,96,228,145,35,2,220,247,12,255,191,31,172,163,245,222,255,126,235,246,215,1,126,240,65,28,31,199,227,248,223,255,254,225,128,192,241,255,127,1
88,232,19,207,99,236,63,192,25,140,248,223,203,123,252,95,47,31,8,252,251,151,190,116,2,133,239,3,253,239,63,3,228,127,159,32,1,0,128,207,131,131,200,115,238,103,106,159,90,223,255,189,47,181,255,169,237,215,181,79,15
39,252,239,39,193,255,52,16,138,210,173,125,42,10,144,248,25,123,198,142,128,8,248,253,243,99,3,176,253,143,124,68,0,17,104,206,166,116,127,0,40,184,255,129,12,159,247,251,253,166,15,250,208,111,14,126,63,8,2,0,62
37,253,79,38,129,255,248,247,121,2,224,237,66,144,191,161,17,113,68,140,136,8,112,254,17,35,2,252,255,14,255,187,221,46,223,229,93,12,128,219,21,20,9,126,224,31,192,66,240,136,30,96,241,255,255,251,123,252,11,17,56
15,142,255,11,118,224,79,32,32,132,237,87,35,126,253,248,255,255,219,7,1,183,187,220,2,4,236,3,220,191,240,237,21,0,44,164,2,186,87,0,149,190,74,87,170,245,182,159,4,183,244,255,15,0,201,247,131,232,127,254,39
117,253,75,166,73,221,252,255,127,35,114,92,3,32,252,30,21,89,71,238,237,136,248,119,145,35,35,210,247,142,255,187,253,110,87,101,85,166,178,251,21,149,9,126,224,207,177,29,0,1,36,80,198,119,255,255,183,75,118,226,7
33,254,79,0,128,153,48,145,105,66,180,252,171,126,241,216,1,33,0,0,0,0,240,239,16,33,56,30,197,8,254,143,138,35,114,84,71,53,34,128,16,253,255,42,84,202,52,61,76,135,225,154,254,118,211,167,135,129,254,238,15
37,254,95,3,72,253,124,8,224,119,63,252,239,115,244,159,17,121,76,6,0,136,252,245,147,39,3,144,245,142,255,158,31,129,240,252,255,63,126,0,112,241,255,127,17,200,255,255,223,247,242,175,15,0,192,131,131,247,241,255,15
103,237,255,231,193,255,255,5,162,16,143,128,225,253,255,199,255,255,247,15,224,0,0,240,241,131,131,255,253,239,255,115,59,68,0,8,153,196,164,255,255,35,16,164,15,26,128,230,245,183,254,235,15,126,249,255,243,255,127,112,0
8,237,3,0,18,32,135,208,10,82,175,192,225,126,247,8,0,0,0,48,1,19,1,0,2,108,253,3,140,29,24,145,193,100,188,253,128,64,70,123,255,51,88,255,0,53,128,15,224,19,125,209,7,62,250,244,245,249,190,39,3
255,233,137,247,241,255,255,63,162,16,141,3,0,240,255,15,5,254,239,191,252,0,95,126,224,243,195,251,127,255,255,223,255,119,7,2,233,70,1,221,187,11,252,129,34,71,32,0,0,0,31,246,255,255,254,253,255,3,134,0,0
8,175,1,72,126,32,37,165,182,149,75,199,32,122,247,0,4,128,9,48,51,183,27,0,0,204,236,2,152,187,32,0,145,200,116,187,247,139,68,114,229,254,19,221,139,116,82,7,212,177,255,255,79,29,247,254,35,116,148,15,1
97,189,76,6,128,187,244,46,215,253,91,254,175,99,240,222,25,117,6,8,0,0,240,223,81,3,0,112,221,139,245,157,27,227,102,220,206,253,110,184,112,113,187,111,85,218,255,255,30,93,163,49,2,128,119,141,140,66,144,175,37
88,232,131,124,19,34,229,86,9,88,164,160,90,223,170,53,2,192,137,248,215,1,1,0,34,86,87,35,106,209,152,213,234,183,2,64,72,84,43,169,90,17,173,42,84,10,140,183,235,119,253,255,63,222,88,1,246,123,127,136,53
72,237,1,72,94,178,37,2,69,107,48,64,98,123,255,48,2,128,136,112,185,255,11,0,34,228,238,34,220,155,48,131,232,174,90,85,64,4,162,171,84,85,169,110,212,26,208,23,244,149,255,249,79,223,255,255,11,124,129,2,37
224,162,13,4,0,209,216,12,134,249,7,136,197,176,255,7,16,96,4,136,0,8,64,0,1,2,0,208,254,15,203,221,102,178,65,54,100,115,155,108,216,216,252,27,112,65,1,78,128,11,112,0,23,60,240,242,227,253,255,119,0
231,237,95,38,1,153,252,173,182,181,91,90,175,107,244,222,127,117,68,12,0,0,96,213,87,163,2,84,213,138,245,189,31,170,98,221,222,253,254,186,84,117,43,126,81,152,247,253,253,31,239,241,14,53,222,255,191,223,161,102,15
33,253,77,38,128,187,48,146,251,78,224,221,239,99,244,222,17,113,68,8,0,0,240,206,17,35,2,56,255,9,60,142,154,227,254,221,223,13,34,136,80,113,187,111,212,218,177,117,108,141,173,88,226,222,251,247,150,64,126,162,37
63,79,255,255,81,238,247,54,64,250,228,197,227,248,255,131,255,255,255,127,249,3,11,72,96,193,246,243,255,255,244,207,63,32,0,0,231,31,127,136,248,255,255,39,64,223,223,191,192,19,120,135,15,0,240,224,243,255,255,127,0
224,241,1,4,128,255,131,102,147,248,1,67,32,156,27,32,1,96,0,8,0,0,0,8,33,226,65,248,255,127,192,209,99,244,128,26,168,193,31,127,254,3,60,132,1,0,225,64,56,8,7,112,192,223,255,255,255,14,0,144,48
225,253,9,4,0,252,254,60,158,255,15,130,199,113,238,31,0,96,0,8,0,0,0,128,129,3,2,194,253,255,255,25,87,198,205,184,140,107,220,251,97,224,242,255,15,32,64,126,144,15,242,32,15,249,255,219,203,239,121,255,52
64,253,3,0,0,255,135,86,139,120,133,4,0,14,16,48,0,0,0,8,0,0,0,0,224,192,193,241,253,255,3,137,233,102,218,76,196,100,166,189,48,49,253,174,0,202,225,97,120,8,15,240,192,127,255,255,255,15,2,0,63
101,253,249,254,141,17,240,119,19,216,200,131,195,113,254,31,31,242,255,255,255,0,112,64,0,0,0,252,127,221,252,255,191,64,0,0,197,4,132,253,49,49,253,255,4,30,30,222,143,255,241,15,127,248,192,129,195,227,255,255,7
65,232,3,0,0,254,231,4,130,248,133,16,14,67,136,181,0,32,0,0,0,16,192,136,163,71,6,0,120,255,120,28,5,71,233,40,142,242,127,80,162,160,252,245,15,7,224,65,120,12,143,240,136,79,255,255,127,31,0,0,60
160,7,0,0,8,81,24,18,237,239,244,192,225,184,119,3,0,0,0,0,8,131,4,4,16,34,33,145,246,6,15,172,13,107,115,109,247,183,182,218,180,253,75,54,34,67,144,7,228,129,60,203,83,30,121,242,240,248,126,51,1
10,230,245,233,62,114,3,192,191,17,11,150,139,115,236,95,126,15,0,248,127,255,183,61,98,196,236,97,152,119,0,0,192,64,120,255,129,0,132,114,32,252,19,158,3,192,254,159,158,215,243,255,15,128,231,11,3,196,97,255,31
64,232,23,8,2,224,79,12,134,249,31,18,139,99,252,191,32,32,8,0,1,19,128,0,2,4,132,1,120,255,143,16,50,132,132,144,137,77,200,177,99,67,186,255,157,56,194,177,112,20,142,225,12,197,255,125,255,191,129,136,62
200,231,3,8,2,96,15,8,4,33,95,226,112,190,55,1,2,160,0,16,0,1,0,0,70,252,253,7,128,34,131,163,242,168,28,149,81,137,138,255,119,87,42,110,209,120,194,131,240,24,30,225,1,15,124,254,253,125,6,0,0
128,194,3,0,0,64,95,137,36,33,31,18,8,6,0,136,0,32,0,0,0,1,0,0,0,140,140,7,128,238,135,34,166,136,17,49,17,131,144,114,228,252,3,254,63,33,224,1,120,8,15,240,128,23,94,188,253,31,134,0,7
52,95,66,190,111,153,188,243,63,66,228,93,135,32,245,90,4,25,65,254,255,158,252,103,144,35,35,147,231,12,62,175,221,107,127,237,64,130,18,74,148,189,75,118,226,199,61,125,15,75,32,0,240,244,195,128,128,193,246,238,7
37,254,205,197,176,255,195,63,97,107,176,212,227,127,255,152,9,235,239,7,0,4,48,254,240,0,240,251,255,87,202,207,143,32,112,20,71,1,2,8,80,252,255,10,112,136,240,62,188,135,167,252,255,255,255,255,143,2,0,250,39
33,253,73,230,137,255,112,10,225,255,112,212,235,123,255,138,9,229,199,79,40,4,112,244,81,1,160,248,255,15,167,138,226,243,7,20,197,5,138,184,80,252,255,63,80,136,125,255,255,167,243,186,255,127,130,238,7,1,160,255,15
0,175,1,64,114,242,39,36,242,183,15,3,129,50,244,15,0,0,128,0,16,31,15,136,34,64,196,35,248,255,56,160,19,233,52,189,223,159,78,58,247,246,18,254,9,52,24,7,206,209,57,255,239,156,243,226,128,112,252,47,1
229,249,9,167,1,255,62,12,230,247,15,254,11,126,224,63,17,125,79,143,232,0,240,116,211,167,163,211,245,207,191,22,231,255,7,0,255,79,28,113,250,35,252,253,15,193,243,31,248,0,31,240,143,127,255,255,255,15,0,16,8
64,13,6,0,10,16,64,44,246,181,91,15,2,65,136,124,0,0,0,16,0,9,0,0,3,6,0,0,128,3,64,136,20,34,85,164,93,42,210,75,145,150,74,127,160,229,210,16,52,132,134,105,72,67,15,159,26,14,67,184,53
225,89,11,164,1,221,126,46,215,255,11,143,199,97,254,31,17,64,4,232,224,0,240,116,129,131,3,192,253,239,191,10,247,255,7,8,133,43,220,253,33,232,254,221,11,53,45,92,79,255,239,22,254,244,194,1,164,131,247,238,31
0,237,1,0,122,255,7,84,223,254,133,193,227,123,255,39,0,0,0,0,0,7,7,0,0,192,229,227,254,127,65,212,9,81,178,110,235,95,55,148,250,59,253,133,4,11,24,22,134,245,255,255,127,252,241,67,2,248,255,255,48
32,255,11,132,1,252,191,245,159,82,143,29,143,99,252,95,1,64,0,248,241,0,240,112,129,3,3,129,121,255,31,53,255,239,239,253,146,246,126,18,246,167,17,254,15,3,169,89,107,238,255,148,248,255,154,5,124,3,230,140,62
192,195,3,0,0,114,129,239,159,148,11,227,245,189,111,131,0,32,0,0,0,3,3,0,96,250,193,252,62,115,0,251,198,254,217,63,88,193,155,255,223,0,0,10,48,32,158,143,231,243,252,207,127,158,120,192,240,248,255,51,1
195,253,77,5,0,117,200,63,64,172,88,255,255,59,116,139,1,224,254,11,0,0,224,181,255,34,32,84,132,6,195,255,23,0,104,164,70,186,223,72,145,254,74,87,170,229,111,239,219,107,91,182,181,61,176,108,237,177,172,79,10
10,252,147,88,126,34,165,237,31,176,75,135,3,127,238,63,103,198,159,253,191,51,131,8,38,206,206,34,136,187,96,255,31,0,248,255,0,208,104,163,255,3,160,107,221,190,126,254,191,7,192,127,15,96,128,201,203,231,97,255,31
192,121,11,244,129,111,199,127,147,248,9,163,215,245,207,63,0,192,133,251,244,1,0,0,224,194,193,253,127,247,129,117,249,223,135,10,168,208,125,151,239,35,148,133,15,158,111,252,255,103,194,55,62,97,128,1,143,199,225,255,63
97,253,13,0,0,153,244,126,223,255,73,7,2,73,187,244,1,32,0,0,0,0,64,68,19,39,34,18,215,138,119,181,31,228,174,253,200,253,126,187,247,19,184,127,64,218,192,59,240,6,222,232,77,239,255,255,123,255,9,209,24
94,237,145,254,83,170,231,63,64,254,232,215,163,127,253,30,0,224,255,95,251,17,9,136,246,101,255,35,236,159,184,181,255,237,7,12,194,220,126,152,247,183,219,255,0,31,110,223,219,255,251,183,175,253,246,169,239,247,177,239,15
8,125,131,72,122,242,3,36,242,223,141,199,131,123,255,30,32,130,136,49,49,151,143,24,98,228,237,35,252,127,128,136,176,42,68,132,255,47,194,90,17,182,11,127,128,247,52,62,132,7,64,251,223,120,225,255,3,227,255,255,31
33,13,12,4,0,153,248,30,207,251,183,192,225,121,255,203,13,97,66,0,0,0,112,132,16,32,32,144,255,14,255,214,11,241,162,94,235,85,47,188,122,123,253,47,85,88,32,4,8,129,173,216,250,86,91,183,134,64,86,170,37
229,125,8,36,1,153,180,90,95,251,176,248,255,241,255,223,17,0,0,136,0,8,224,198,255,55,2,16,231,136,126,173,10,171,106,85,86,245,255,138,0,117,139,126,84,26,73,91,210,78,218,32,233,239,191,105,107,183,137,157,56
101,253,77,4,128,159,56,82,75,122,164,0,164,136,85,216,17,65,0,8,0,0,112,102,145,35,3,184,239,12,94,205,78,178,250,118,100,53,187,172,88,217,253,3,112,74,240,12,60,139,239,120,246,255,255,255,159,1,2,96,15
225,253,77,6,128,255,56,82,73,250,224,1,129,233,223,222,17,113,4,8,0,0,64,196,145,35,2,248,255,12,190,169,108,122,7,68,84,230,247,255,17,189,139,50,96,79,224,4,56,137,239,240,238,255,255,255,191,79,0,224,7
65,237,1,4,0,64,223,100,146,212,207,143,66,209,174,55,16,64,4,136,0,8,112,0,1,2,0,160,56,255,136,25,117,71,205,168,140,122,215,81,161,162,222,213,170,167,160,118,168,5,181,80,219,127,122,255,247,106,95,176,37
202,16,144,72,54,34,195,235,21,172,90,15,133,0,246,15,34,130,153,241,51,63,131,8,98,204,204,32,24,115,64,255,86,5,253,183,0,120,89,65,203,130,102,81,187,181,9,110,131,11,0,0,48,184,224,128,193,225,184,255,11
33,178,108,4,128,15,72,163,224,7,80,31,13,2,80,202,157,101,39,72,0,4,112,255,9,0,0,252,63,0,193,78,180,19,85,130,247,11,128,4,9,254,126,129,187,245,105,68,10,72,35,20,240,255,70,4,172,0,144,39,1
63,252,252,227,255,255,192,6,65,248,128,252,109,0,112,192,254,31,206,215,253,255,239,254,251,33,228,243,254,15,64,141,1,33,232,126,194,240,127,0,48,240,253,63,0,138,255,255,255,159,3,56,192,1,15,254,9,4,0,112,0
1,141,76,4,0,241,0,104,215,189,90,3,137,42,84,218,63,97,12,8,0,0,192,132,19,38,4,0,220,11,32,0,80,226,204,156,196,105,206,57,113,114,186,111,153,60,64,224,124,128,7,121,192,131,223,62,29,12,0,0,11
225,255,13,4,128,255,72,62,217,255,224,229,112,156,47,193,1,96,0,8,0,0,64,140,177,99,0,252,255,31,216,200,55,242,68,158,255,175,223,126,17,252,126,3,144,240,227,39,240,1,54,224,3,159,255,255,255,126,0,48,32
64,232,9,4,0,112,129,98,81,220,232,135,195,113,238,127,0,0,0,8,0,0,0,0,0,2,0,0,126,243,32,145,116,45,173,164,64,250,82,73,151,146,74,95,184,245,51,254,140,151,241,25,15,120,227,199,195,227,123,255,55
31,127,212,235,127,255,101,62,227,255,1,248,255,1,68,203,56,31,142,199,249,253,239,252,255,195,195,224,253,255,96,140,1,34,224,253,255,255,255,24,0,244,251,127,0,254,255,255,255,255,255,1,0,0,0,138,0,196,0,255,7
65,249,9,4,0,234,247,110,87,252,80,131,195,113,238,55,0,84,0,13,160,0,10,216,99,199,194,98,121,255,181,75,251,210,78,74,164,36,229,181,41,105,255,165,15,30,64,62,144,7,242,32,15,249,255,239,239,231,161,255,30
56,255,128,96,254,255,161,226,95,252,64,15,3,64,238,127,0,2,128,240,188,255,79,72,113,227,66,122,255,187,112,129,17,96,252,255,192,120,238,24,49,114,255,239,0,252,120,62,24,2,2,60,239,255,255,143,15,133,128,255,15
195,253,15,135,1,252,222,62,134,251,15,124,191,99,212,158,17,104,4,138,64,0,228,249,247,7,3,129,248,255,223,157,7,231,233,60,206,243,127,80,160,240,120,254,34,161,229,125,125,39,109,210,246,119,218,190,191,3,182,0,7
72,9,240,124,30,16,128,247,27,200,232,143,199,113,238,39,62,194,255,249,127,255,81,8,1,70,0,32,14,17,192,255,95,34,216,238,0,32,194,221,17,16,222,99,224,127,31,30,130,255,241,4,47,248,224,129,195,227,123,255,55
67,233,139,199,113,254,247,54,194,254,137,7,0,254,255,159,1,126,130,15,240,0,47,248,227,193,195,227,253,255,184,24,225,247,7,8,172,126,255,221,35,32,252,245,14,191,224,33,120,0,15,240,159,127,254,255,255,31,0,0,63
10,255,135,64,58,246,3,36,242,255,11,15,6,1,252,255,32,38,136,1,49,191,135,152,243,228,228,97,188,63,0,8,17,66,68,136,255,255,222,80,33,242,122,223,10,181,225,120,184,15,198,0,192,123,255,255,223,143,1,240,63
37,253,77,5,128,255,154,78,199,121,1,220,235,58,246,203,25,100,4,137,32,0,240,254,209,131,128,240,255,239,199,207,227,243,120,30,195,17,10,8,120,120,254,15,16,240,48,29,72,1,41,254,255,127,255,255,167,65,246,46,7
10,232,151,201,50,98,71,5,162,23,15,8,4,1,238,183,50,166,143,147,49,63,199,24,227,198,65,32,56,255,192,62,7,68,192,8,255,239,148,83,34,32,16,252,15,65,193,64,48,8,94,64,128,47,254,255,255,191,2,16,8
1,224,15,1,0,238,79,157,174,3,31,188,223,87,168,247,1,104,0,2,64,0,244,121,225,206,131,229,56,255,75,187,134,142,216,117,93,131,128,251,7,4,0,126,243,64,225,31,248,15,255,240,223,127,254,255,255,11,2,0,52
11,172,157,64,16,114,3,192,178,148,75,223,203,115,240,79,33,66,136,40,49,16,241,63,98,196,236,32,152,55,0,18,240,101,188,140,137,8,0,25,247,2,58,223,136,244,255,254,137,29,177,17,11,0,98,223,223,99,123,251,33
1,205,207,4,0,51,32,64,154,222,141,205,199,97,255,223,63,3,0,8,0,0,240,12,33,102,64,48,222,17,48,0,224,116,154,78,201,4,32,157,59,19,189,39,68,222,247,255,32,20,132,65,8,0,10,255,87,10,127,248,52
64,237,131,68,16,243,193,14,194,248,1,194,251,255,255,31,2,130,128,16,16,1,1,136,242,64,228,49,188,31,128,88,235,246,2,72,237,101,175,189,35,33,189,165,5,26,80,190,159,247,243,127,207,121,231,207,11,231,97,255,62
72,205,3,76,16,242,225,108,150,248,15,194,255,123,255,30,2,128,128,24,17,17,1,0,34,238,230,34,220,31,160,155,235,230,66,76,204,100,174,191,49,49,185,238,68,26,0,216,219,127,251,50,157,105,128,237,255,131,233,223,30
37,253,111,39,201,159,56,0,219,222,160,253,227,184,255,193,157,121,68,140,136,136,248,255,25,35,34,254,239,8,62,0,96,119,230,206,238,124,103,140,24,57,255,1,68,223,255,255,124,159,47,249,2,146,255,255,191,72,18,34,39
64,253,9,68,0,255,167,247,187,86,141,241,255,127,236,31,1,64,0,8,16,0,208,109,161,239,67,163,237,223,216,173,17,106,100,141,214,248,222,26,53,54,2,255,136,52,224,27,248,78,255,240,253,255,255,253,255,3,0,0,62
64,141,11,4,0,242,161,108,150,252,15,131,199,241,255,135,1,224,0,8,0,0,0,0,1,194,0,240,253,255,225,213,106,181,170,86,72,85,43,173,122,3,252,43,208,154,0,46,128,3,112,1,15,56,224,251,195,255,249,255,8
53,124,78,34,201,157,60,209,251,70,236,205,231,24,255,129,16,49,68,132,136,140,120,231,145,35,34,254,231,140,63,194,221,119,255,238,235,14,0,220,187,187,223,51,98,199,189,103,199,232,24,140,241,254,49,96,96,120,254,17,0
10,162,144,72,22,34,3,129,96,1,114,208,233,122,245,74,38,2,137,112,17,55,147,8,34,68,236,32,136,51,0,5,192,9,56,1,0,16,0,0,68,252,3,8,49,0,44,142,139,123,113,23,183,184,226,0,205,193,184,127,11
32,29,68,0,94,185,176,118,27,218,228,13,133,0,253,222,28,32,5,0,0,255,127,4,1,2,0,16,207,9,116,148,8,37,250,221,203,92,102,136,118,19,153,111,196,222,29,101,71,233,32,0,240,148,65,130,128,80,254,47,39
97,253,77,2,64,255,60,18,73,254,224,69,0,8,251,240,9,121,66,14,192,0,108,228,209,33,35,251,255,207,223,137,21,98,77,172,196,106,214,93,145,178,254,87,160,229,241,47,120,0,15,240,195,255,255,255,255,12,0,0,0
33,93,74,38,73,153,244,114,89,222,228,205,195,113,255,15,24,64,71,236,136,12,112,196,1,0,0,16,239,141,190,151,252,37,39,228,66,94,114,200,147,147,219,119,224,143,13,126,199,103,240,6,127,252,224,128,225,243,255,255,3
24,125,146,200,115,242,167,236,31,176,15,7,131,113,254,95,38,142,1,251,251,31,15,16,192,196,199,227,252,255,3,165,71,233,249,253,0,208,94,24,246,246,90,254,0,161,1,124,128,7,64,0,134,124,242,231,231,227,253,255,15
72,237,3,124,23,32,165,228,31,208,205,135,195,113,254,31,6,194,137,252,255,19,25,8,0,110,70,34,204,153,176,17,251,255,142,200,128,68,236,187,119,35,185,239,13,30,46,222,207,255,255,31,63,240,192,128,197,227,255,255,15
65,253,15,6,0,253,126,52,154,254,143,29,6,1,216,60,16,104,4,142,64,8,228,224,179,3,3,128,253,207,222,139,125,98,71,236,196,46,246,217,33,176,251,255,6,207,243,123,116,14,198,96,76,103,255,255,27,159,3,192,30
94,237,209,250,127,251,176,192,31,0,141,211,235,123,244,11,48,19,206,255,255,255,239,252,243,231,99,50,253,15,52,131,224,239,255,253,1,0,128,251,17,21,137,126,208,94,62,159,143,247,251,255,111,176,227,130,1,193,252,255,11
245,173,0,238,89,251,116,63,224,255,224,193,227,121,255,11,2,226,239,255,249,137,13,8,177,227,67,240,255,223,184,130,253,255,7,0,231,15,2,220,185,251,255,119,0,223,16,30,128,131,240,9,79,120,225,195,195,241,255,255,1
30,124,214,235,123,255,39,192,158,16,143,255,7,0,96,199,126,31,204,247,251,255,223,125,243,239,3,112,253,31,32,0,192,238,223,253,205,12,128,251,17,16,152,127,0,222,247,255,252,15,4,0,0,2,255,255,91,44,2,240,0
65,205,15,6,0,248,55,213,170,82,143,13,6,65,136,245,17,16,4,136,0,8,64,96,161,71,3,160,249,255,62,32,225,78,211,105,157,198,164,243,39,37,17,252,15,139,161,123,232,14,205,208,140,110,190,255,127,139,111,192,62
229,233,11,254,129,136,254,51,72,74,244,129,199,241,239,7,2,224,255,222,196,1,0,128,137,19,3,191,103,204,190,203,252,63,7,0,69,38,178,207,17,156,207,51,240,15,142,239,247,255,252,199,63,60,96,192,240,255,255,55,0
64,13,80,40,75,176,240,61,130,180,15,139,68,128,255,33,6,160,87,245,168,175,26,0,0,162,0,84,213,15,229,159,59,96,2,76,192,100,230,153,51,49,185,239,68,94,1,66,128,8,24,0,1,15,189,250,123,252,143,17,8
229,249,73,230,129,255,112,139,229,43,16,220,239,115,246,143,29,117,199,239,168,128,112,124,81,163,34,248,255,15,183,138,234,255,7,4,69,5,130,253,81,88,253,43,80,8,125,125,223,239,251,62,254,255,194,132,133,1,176,239,15
8,237,3,64,114,226,167,104,31,248,127,139,199,113,254,31,0,0,0,48,17,31,15,0,34,68,198,35,120,255,112,129,67,224,248,253,0,0,78,58,245,247,59,255,17,56,160,5,104,121,189,213,171,150,122,181,252,91,222,2,33
64,8,4,0,2,48,0,44,182,181,11,63,30,193,136,244,0,32,0,0,0,1,0,0,3,6,4,0,128,17,0,136,2,162,216,149,77,105,202,107,17,80,42,127,240,176,243,240,60,156,135,104,72,67,15,223,26,14,67,176,52
223,121,192,255,253,255,247,63,246,247,15,254,143,34,240,26,0,95,255,255,255,188,255,255,247,233,235,247,253,207,191,157,255,255,39,0,206,255,127,0,114,19,248,127,0,56,125,253,255,239,235,22,240,127,0,4,4,1,244,239,31
0,237,3,64,16,238,135,84,155,248,141,157,78,83,170,55,0,0,0,16,80,7,15,168,160,65,197,227,249,255,88,69,91,81,238,254,128,112,127,16,106,107,255,133,15,126,224,19,248,28,223,240,141,239,255,125,255,15,1,128,60
64,248,0,4,128,127,131,66,23,184,16,130,229,113,255,79,0,0,0,0,0,2,82,24,0,194,192,252,253,255,1,145,68,36,185,46,72,66,18,89,186,16,252,23,32,1,56,26,142,238,251,190,255,253,231,5,5,129,248,255,30
224,239,3,4,1,200,191,253,191,16,143,141,199,113,255,31,0,64,0,252,192,0,48,64,0,1,2,131,121,255,191,165,255,255,7,1,210,222,126,66,246,247,3,126,102,7,9,95,194,127,255,132,43,252,240,33,252,243,253,15,37
224,227,7,0,0,17,32,245,186,6,237,141,68,144,47,101,1,0,0,8,0,0,0,0,1,34,0,188,132,0,24,186,216,46,222,199,93,204,162,143,23,23,1,98,224,223,129,38,160,1,52,64,67,58,249,251,211,253,127,241,0
97,253,5,0,192,255,191,112,25,200,236,159,207,115,236,63,0,0,0,192,128,14,124,241,129,1,0,230,241,255,63,11,220,34,255,255,0,0,128,217,129,144,219,119,238,199,56,31,140,135,249,255,239,255,255,231,131,192,253,255,39
224,253,1,0,0,16,56,118,219,222,232,47,18,197,138,53,0,0,0,0,0,0,64,128,1,2,0,0,6,0,62,184,245,110,197,173,220,234,214,219,149,182,66,119,170,247,209,18,176,12,150,96,73,203,253,91,91,254,9,241,56
192,141,1,4,0,51,161,247,251,198,236,139,247,241,239,71,0,0,0,8,0,0,0,128,33,66,64,252,107,209,184,234,241,122,84,143,245,168,199,255,1,126,3,197,136,60,8,94,131,111,240,6,63,248,224,193,227,251,255,255,1
64,237,3,68,128,255,199,191,243,149,9,67,161,122,255,26,0,64,0,88,0,0,0,128,32,0,192,249,127,247,128,234,251,251,6,136,245,13,198,190,49,126,187,239,136,60,36,237,127,239,239,214,254,119,194,164,191,67,246,110,7
72,253,1,128,32,255,207,63,195,249,1,240,251,127,220,62,0,96,8,3,96,16,134,50,202,148,253,195,126,118,131,190,243,255,7,8,223,79,196,57,115,34,58,255,8,252,240,60,56,7,135,252,238,255,255,191,159,3,0,232,63
0,253,7,0,128,1,160,96,16,132,201,195,227,127,255,152,1,96,0,8,0,0,48,4,16,32,124,60,140,1,224,205,84,51,109,166,102,58,87,76,153,186,255,1,162,103,32,26,136,6,209,16,255,252,243,199,199,131,253,255,62
224,253,1,0,144,255,229,47,210,189,73,199,227,121,255,15,0,224,195,5,0,1,1,8,32,64,226,250,255,191,240,87,115,212,140,154,168,89,77,53,255,34,118,205,139,180,240,253,253,135,239,251,222,119,223,255,191,67,180,102,7
79,237,205,98,217,255,244,126,31,248,1,255,255,127,112,139,17,119,204,141,152,136,249,127,247,255,99,114,221,15,116,223,91,36,250,254,0,84,35,137,58,3,253,35,196,94,112,14,8,232,255,248,255,255,255,255,7,1,184,255,10
97,253,79,6,129,255,244,159,170,82,133,204,227,249,255,167,17,113,68,12,0,0,80,68,17,35,34,254,237,143,254,245,25,45,162,69,122,212,103,137,62,19,137,34,68,158,255,255,255,63,220,195,29,42,32,254,115,255,127,213,24
64,237,11,4,0,224,231,36,146,188,73,7,2,66,248,62,1,224,136,8,0,0,0,128,98,196,204,0,152,59,160,141,117,99,5,168,194,122,86,88,177,178,90,255,138,247,224,17,80,0,143,240,136,79,254,253,255,31,129,0,52
97,237,15,6,128,187,244,54,219,222,173,1,0,24,255,225,1,112,0,4,0,0,240,204,51,103,2,2,239,141,252,223,27,228,166,220,203,93,110,185,115,51,255,239,68,94,224,1,120,0,207,240,204,127,255,255,255,11,6,0,30
229,255,79,38,201,221,60,211,121,78,228,1,0,140,15,248,17,81,68,140,136,136,72,196,153,35,2,254,247,140,63,200,12,50,67,230,100,238,247,223,153,153,223,1,224,7,192,0,48,136,206,96,236,255,255,255,27,159,1,192,31
72,176,144,72,18,98,131,196,14,16,15,156,4,0,34,7,34,130,136,240,83,63,133,8,35,78,68,0,8,247,72,57,67,78,248,255,0,224,140,51,1,32,16,220,15,240,227,226,184,8,4,0,0,3,190,254,255,13,2,80,8
3,232,159,68,0,98,7,129,178,4,15,191,203,115,232,255,125,102,128,8,0,0,240,25,34,78,76,32,136,255,224,59,155,76,212,217,157,13,128,179,39,39,18,237,141,254,247,190,184,20,151,113,9,66,238,255,223,15,67,240,60
1,76,31,4,0,48,33,0,211,156,201,23,139,115,252,223,63,98,0,8,0,0,176,136,34,0,68,32,220,63,32,130,240,97,20,140,195,8,2,24,49,118,27,127,128,252,127,218,136,30,209,17,13,96,166,77,79,131,105,253,62
37,93,78,38,129,153,56,16,251,222,164,221,239,113,254,207,25,113,68,140,0,0,240,247,145,35,2,144,231,12,63,138,236,118,83,108,237,6,128,255,129,184,221,55,98,199,95,251,198,222,88,132,101,172,177,65,97,181,237,95,24
101,253,221,231,1,255,183,100,146,184,9,131,235,127,255,223,255,223,192,63,248,0,0,80,240,227,227,243,253,255,231,253,29,0,128,8,220,254,247,223,183,35,16,247,8,55,96,184,158,135,227,61,239,241,231,143,143,135,161,255,31
37,141,252,6,1,185,52,208,154,214,173,233,247,245,239,199,255,91,4,140,128,0,112,76,17,99,2,56,239,137,124,4,9,64,234,203,190,252,111,144,32,45,151,165,77,222,255,223,231,253,188,199,3,0,96,192,240,122,127,51,32
97,253,4,0,0,255,176,86,203,250,128,144,203,115,236,255,1,96,0,8,0,0,112,192,1,1,0,128,255,255,127,213,77,117,171,126,234,86,63,201,250,3,252,55,96,11,112,30,156,135,243,60,239,251,255,207,143,3,80,255,55
33,237,253,70,193,187,245,63,144,156,73,3,236,121,255,139,159,247,239,133,0,8,72,192,33,67,2,120,223,187,244,255,27,0,248,223,128,76,102,185,127,35,191,239,204,62,0,96,255,239,253,222,255,127,64,246,247,83,254,39,3
101,13,127,39,129,157,252,63,224,222,173,1,228,249,255,135,159,253,119,143,136,0,64,196,89,51,34,222,247,8,247,255,31,0,160,239,250,254,119,192,190,147,201,50,102,7,0,224,229,183,252,203,31,58,0,254,243,251,127,244,10
72,224,1,72,54,34,135,224,21,164,90,195,104,126,51,32,2,128,136,48,51,51,3,0,34,204,252,2,24,51,32,145,208,172,188,183,8,72,66,107,223,2,42,91,184,116,194,7,112,240,191,255,11,31,127,254,254,124,134,0,32
26,226,147,200,118,98,135,201,13,0,54,180,3,127,200,63,0,2,137,113,247,119,159,56,98,204,253,99,56,247,64,163,198,40,249,255,0,0,2,234,222,213,9,58,240,193,226,191,248,7,132,255,143,127,255,255,255,159,67,136,63
67,169,136,252,129,187,229,38,144,188,73,151,203,119,236,31,5,240,239,237,177,0,240,94,0,193,194,98,223,187,181,219,251,255,7,0,197,12,128,189,1,120,255,111,200,126,61,22,8,248,255,30,251,255,66,5,196,2,248,255,37
33,255,8,36,128,255,24,247,255,222,141,143,199,113,238,103,17,64,0,136,0,0,112,124,129,34,1,252,255,79,139,74,183,215,85,186,239,11,133,116,41,232,254,133,11,52,104,90,158,238,243,52,253,255,231,69,79,3,105,255,60
90,77,147,252,83,162,165,255,31,248,128,213,139,123,252,63,33,194,171,255,255,16,145,74,34,84,214,35,122,241,240,191,90,36,170,85,72,212,106,171,86,19,137,110,212,26,8,180,235,103,168,215,191,222,80,1,244,83,255,171,53
79,249,253,239,113,255,191,197,22,0,15,223,203,115,252,31,25,92,159,239,251,12,254,255,225,129,131,227,249,255,183,189,253,111,47,137,128,240,118,16,166,166,18,254,10,247,255,255,255,255,255,191,191,120,128,4,237,131,248,255,30
225,31,14,4,0,221,56,126,223,255,15,207,195,48,255,3,0,64,0,8,0,0,112,244,1,2,0,208,255,14,191,156,119,231,37,188,206,251,94,48,241,242,122,223,153,244,31,7,132,137,48,8,115,156,113,226,192,252,255,63,0
64,233,1,0,16,242,65,38,211,254,137,131,82,223,171,53,2,130,128,16,16,17,1,0,51,230,68,32,190,23,192,136,0,34,64,4,229,45,238,252,1,248,255,111,0,26,240,34,188,132,151,249,201,203,255,255,27,44,2,144,48
119,253,253,239,73,255,244,127,130,248,129,220,231,121,255,143,63,255,239,255,249,136,248,124,241,227,35,242,255,143,254,223,255,247,23,4,99,5,2,8,122,123,253,43,80,216,255,223,255,255,255,151,7,128,226,132,229,193,254,127,3
65,125,4,0,128,25,248,44,146,188,75,15,6,129,239,191,16,32,4,128,0,15,96,128,1,2,0,80,213,171,245,92,53,87,229,170,174,122,85,84,171,170,254,133,15,247,65,90,16,8,130,0,64,249,255,255,203,255,129,255,60
96,29,68,34,73,153,176,236,23,180,75,7,0,0,255,119,30,145,71,252,168,143,120,132,17,2,0,92,213,10,117,223,91,160,254,223,0,36,238,184,113,115,191,111,213,154,0,32,0,0,0,0,112,237,165,75,75,183,137,223,24
65,24,148,72,18,32,193,55,136,218,165,13,4,0,234,39,62,226,191,242,81,95,69,128,1,2,0,0,42,85,200,255,11,0,250,93,0,84,34,129,22,1,137,46,84,218,1,96,0,8,0,0,48,0,0,0,68,0,122,241,48
65,8,156,76,18,34,193,47,0,24,0,2,0,32,254,143,63,226,255,121,17,23,1,0,0,68,68,32,156,19,192,255,27,0,0,4,64,1,10,170,84,85,169,106,208,88,0,0,0,0,0,128,176,140,16,32,252,18,222,11,32
247,249,253,247,145,255,71,26,97,239,240,244,3,126,192,254,253,95,239,239,253,0,241,255,251,227,195,241,255,127,192,255,63,34,0,0,78,127,250,8,16,16,252,127,240,224,249,63,252,7,3,248,255,255,255,255,31,0,0,240,62
72,205,23,0,18,48,1,225,48,132,75,15,0,0,176,112,38,2,128,184,17,27,129,8,34,206,68,32,136,51,64,139,17,66,92,157,132,40,198,59,33,118,26,239,8,188,193,120,176,6,0,64,4,107,191,255,127,175,35,208,30
0,237,13,0,0,34,33,68,155,220,141,3,218,119,238,247,7,130,128,56,16,1,1,8,32,68,68,32,74,145,56,16,64,116,138,78,232,68,39,157,250,3,252,165,68,15,0,0,152,95,243,48,143,249,247,205,239,195,241,255,63
65,173,12,4,0,34,101,34,80,156,72,7,2,71,136,247,9,98,0,8,0,0,96,136,35,0,64,32,88,251,240,9,115,194,76,152,132,41,204,48,97,98,50,223,137,116,98,2,152,24,19,49,129,9,191,127,95,36,0,145,56
96,13,2,4,0,177,240,117,146,148,143,143,197,48,255,7,0,128,5,176,8,139,64,0,1,34,0,180,237,13,252,63,25,77,166,201,154,252,100,147,39,39,19,239,140,254,21,74,129,42,80,2,245,126,32,246,67,249,255,223,24
0,13,12,4,0,32,225,100,18,156,73,131,195,113,254,199,9,96,2,8,0,0,48,128,0,0,68,32,216,187,240,7,85,65,61,168,128,24,84,80,161,250,126,223,139,117,15,30,131,127,240,6,63,248,224,193,198,227,255,255,37
8,205,3,72,114,242,231,112,24,252,236,115,255,255,77,26,0,0,136,16,17,61,143,136,231,207,207,35,248,255,112,41,91,202,78,217,148,172,236,186,1,244,147,255,77,94,96,27,64,86,219,255,175,237,191,109,111,183,229,13,30
64,205,3,0,32,254,159,118,31,248,133,253,255,127,254,31,0,0,0,8,64,0,160,160,227,5,197,131,254,255,15,213,77,117,235,254,8,112,127,153,186,3,252,183,0,79,8,29,2,247,239,255,174,246,219,129,183,219,247,238,39
64,205,7,0,0,184,244,38,146,252,137,251,255,95,49,224,0,32,0,0,0,0,128,196,127,239,46,2,196,139,116,156,25,103,230,204,206,252,247,153,51,51,223,103,196,223,128,57,96,2,76,211,156,102,154,255,127,155,239,0,30
65,141,12,4,0,187,181,102,147,252,137,131,66,123,255,231,13,64,1,40,0,0,48,0,0,0,64,98,221,191,244,213,89,117,174,206,136,92,103,157,59,35,253,229,76,31,0,49,65,36,136,183,25,68,16,33,238,54,205,11,52
8,239,135,0,114,246,71,54,218,254,141,249,255,249,255,225,34,162,136,0,17,17,129,136,255,255,71,33,126,255,216,220,21,65,160,174,238,127,127,16,186,42,252,133,2,229,247,255,253,23,255,241,15,98,254,255,255,255,99,236,63
72,237,3,136,99,228,223,62,194,250,133,193,227,253,255,31,2,160,8,23,65,21,15,128,226,197,199,131,120,255,207,157,61,98,65,36,196,118,247,217,144,176,221,119,34,7,214,255,255,255,254,239,15,127,252,251,251,255,75,240,52
97,253,13,4,0,187,180,100,146,188,9,67,32,106,253,248,1,64,0,8,0,0,64,68,17,35,34,50,221,11,116,149,89,101,174,204,200,212,102,153,54,19,153,127,68,31,224,21,120,133,239,248,206,255,255,255,191,11,2,0,39
181,255,77,2,73,255,52,223,255,123,165,216,239,123,247,203,0,17,0,4,136,128,249,254,48,97,98,187,255,141,60,179,202,253,190,223,73,68,34,191,254,19,169,42,84,218,248,31,216,7,251,252,239,255,255,237,239,19,132,15,8
26,237,147,72,119,226,167,212,26,208,141,81,235,127,253,94,38,2,137,48,251,243,159,8,34,252,255,35,216,255,96,133,89,97,186,239,0,20,102,136,190,51,155,119,68,95,166,5,105,49,61,247,159,22,90,252,255,19,254,0,1
8,253,129,64,18,226,39,76,151,253,27,66,239,123,255,94,0,2,0,16,16,21,3,136,98,68,196,33,120,255,192,180,11,0,34,93,222,253,110,144,118,117,185,238,69,154,97,119,248,13,187,144,160,255,254,253,254,19,212,11,37
225,15,15,4,0,217,124,54,235,222,164,65,229,249,255,202,19,224,4,0,0,8,64,0,1,34,3,184,239,141,190,234,189,122,7,4,255,175,247,222,145,189,203,118,224,7,128,129,96,184,205,195,4,6,24,54,51,153,110,0,30
32,237,3,0,128,139,52,102,211,156,201,199,227,120,255,192,8,0,0,0,0,4,48,192,0,1,128,246,213,175,247,158,19,97,36,140,207,121,78,8,113,114,254,111,136,60,16,29,76,231,249,159,255,252,243,231,163,211,255,15,7
26,205,151,72,126,224,103,48,144,255,239,87,169,126,209,152,34,162,137,17,17,247,143,8,34,204,254,3,152,191,96,128,24,32,186,236,203,94,118,217,251,147,255,127,228,31,242,233,124,154,79,249,4,36,223,255,35,149,164,68,31
8,236,1,72,18,34,103,42,224,175,90,3,207,113,238,191,2,160,128,17,0,17,3,0,98,196,196,96,24,255,33,136,8,34,82,84,69,37,170,249,16,240,249,127,112,10,96,254,216,23,243,49,143,121,254,255,255,199,129,255,63
32,125,3,6,193,157,188,213,155,82,141,233,247,221,191,33,1,80,4,140,128,0,88,100,1,99,3,250,255,205,62,18,201,85,186,206,169,4,36,149,62,35,157,165,68,31,153,207,231,255,252,204,119,254,249,243,241,249,127,102,3
72,160,0,8,2,32,131,237,150,148,75,7,2,247,170,55,6,128,1,120,0,7,0,0,0,0,204,0,152,51,0,51,245,204,157,169,137,72,68,115,239,34,82,221,139,181,214,166,181,17,36,107,3,2,105,254,211,108,26,240,33
224,247,13,2,128,136,116,189,190,119,175,128,195,253,239,247,5,16,0,0,128,0,56,64,0,1,18,254,67,136,124,114,159,220,159,251,185,207,44,247,255,3,145,188,79,202,13,127,195,37,184,134,251,126,96,225,242,251,255,191,32
8,0,16,8,18,48,65,44,146,189,75,27,141,0,244,15,32,160,13,48,1,63,131,0,2,206,4,0,152,51,160,4,163,199,5,8,223,59,92,16,224,224,122,223,11,32,7,192,1,59,112,0,16,0,0,192,193,225,188,119,3
37,246,237,51,205,159,60,145,249,7,244,197,227,254,255,193,223,127,119,76,136,0,112,239,16,33,34,254,199,8,254,238,159,0,80,70,247,15,128,142,24,253,143,34,244,202,255,63,140,131,80,191,255,124,243,231,67,225,252,255,8
72,29,16,8,30,0,225,39,208,156,200,143,4,0,51,1,32,160,13,128,1,255,203,0,3,70,4,0,140,17,96,157,90,34,250,220,64,116,234,137,16,17,189,111,212,158,1,101,64,9,32,0,16,20,80,230,228,112,158,35,1
53,238,101,3,254,223,62,129,225,7,240,129,227,121,255,207,222,63,2,6,0,255,127,255,152,1,248,255,255,204,63,2,132,40,81,229,255,15,128,202,149,188,75,118,226,7,16,6,196,129,248,255,255,126,241,227,3,240,255,63,32
75,9,252,253,22,34,65,47,224,37,18,2,0,50,118,131,255,239,255,127,51,22,179,24,64,128,252,96,24,51,129,255,243,255,5,0,127,9,194,41,83,82,42,75,144,244,2,2,0,16,0,33,1,0,36,76,76,36,8,119,8
52,15,118,50,207,137,124,54,232,222,228,9,4,0,255,26,142,241,231,246,140,207,28,2,8,16,50,190,111,128,254,254,31,0,0,84,255,15,170,168,80,125,191,111,85,218,15,5,0,64,40,132,50,148,80,128,160,88,255,42,37
96,29,64,36,201,153,240,62,215,255,88,207,3,16,255,3,10,129,70,252,136,143,40,132,17,33,32,52,205,9,252,255,251,255,6,196,222,253,110,136,17,23,139,111,192,222,91,235,150,2,0,44,101,169,245,75,9,245,161,95,26
1,12,60,12,0,0,33,0,56,198,237,3,130,99,236,255,127,98,138,8,1,16,240,136,35,68,68,0,136,25,48,0,32,13,6,192,31,220,96,130,7,7,131,107,221,62,22,244,143,247,161,31,14,80,64,135,130,66,127,255,39
74,205,159,76,18,34,231,51,0,132,252,3,2,127,184,181,39,226,155,8,17,16,129,8,34,76,220,3,8,243,224,183,27,36,128,84,217,205,110,187,119,3,184,111,208,218,32,29,0,4,160,145,142,116,250,253,255,195,255,238,55
72,237,19,8,18,32,161,225,48,0,239,215,163,122,253,26,0,128,136,16,17,19,129,8,34,68,236,35,136,31,56,51,219,236,190,221,128,192,108,187,119,35,176,239,13,252,54,159,12,151,249,155,207,112,243,231,131,193,254,239,15
10,173,145,72,18,226,199,109,146,148,75,131,235,127,255,31,34,230,137,25,49,17,3,8,98,204,255,99,152,255,224,173,52,41,4,132,82,184,90,10,149,254,11,127,248,245,4,55,129,36,144,251,31,124,32,255,255,247,253,159,48
101,237,223,47,1,248,60,4,146,255,15,219,255,123,252,223,63,93,0,140,137,0,200,100,211,167,39,2,253,143,191,16,233,110,135,8,220,238,246,223,35,35,216,247,14,223,255,223,223,255,251,167,14,128,192,129,169,215,241,239,15
37,253,204,6,129,255,52,110,223,253,18,254,207,115,254,199,25,81,0,200,128,0,240,255,241,1,2,254,253,143,60,157,107,247,234,94,198,117,47,176,112,113,189,175,85,218,255,31,136,194,91,189,239,237,247,69,77,1,168,95,24
0,142,1,108,10,241,160,86,155,248,133,193,243,255,255,64,3,195,128,184,121,0,0,0,51,230,103,48,254,31,72,203,13,112,120,110,224,38,183,220,184,249,253,6,0,67,154,135,134,249,255,221,111,152,251,67,0,120,127,51,32
53,252,77,38,193,255,52,211,123,78,228,253,11,78,128,244,17,121,64,14,200,0,248,238,185,99,35,187,239,141,254,255,253,59,125,167,81,8,128,10,21,158,11,83,224,247,251,191,124,150,143,249,140,195,255,255,31,6,0,128,62
72,16,0,8,54,32,195,237,134,16,11,214,233,58,247,10,0,0,0,0,0,183,7,0,66,204,252,1,152,119,1,53,225,237,185,61,136,208,4,17,254,3,16,158,3,32,13,254,131,111,240,0,52,120,192,192,205,227,249,255,11
72,24,0,108,18,112,129,237,150,148,11,139,205,48,246,15,0,192,8,184,49,0,128,0,2,254,199,0,156,55,65,183,87,36,184,189,8,208,30,11,246,2,8,126,0,32,28,44,135,231,224,14,255,248,192,128,129,225,123,255,7
7,172,252,199,241,255,159,197,162,0,15,158,203,115,238,63,93,94,151,239,251,12,255,253,225,131,3,228,249,255,103,5,64,1,248,255,2,80,54,0,254,3,252,127,64,207,95,30,128,242,240,47,79,120,225,195,195,247,249,255,24
33,230,15,6,128,223,252,191,160,6,143,253,80,156,35,33,17,96,20,143,0,0,96,245,245,139,3,252,241,239,127,253,14,33,234,247,114,244,127,0,28,221,141,34,244,139,196,99,253,0,30,250,209,15,60,254,123,60,2,16,56
1,236,13,0,0,96,203,22,203,90,164,136,199,113,255,207,0,32,0,0,0,0,32,128,0,0,0,225,254,127,75,172,2,32,248,125,87,181,170,8,16,212,41,62,112,8,15,207,195,123,120,135,7,60,240,224,241,255,255,127,0
0,22,0,0,128,0,192,139,101,41,16,0,0,0,144,48,0,128,2,248,0,7,32,128,0,0,0,0,150,0,97,205,3,1,120,191,102,177,95,0,8,252,63,0,17,32,0,96,2,72,0,0,240,223,22,0,108,0,132,3,32
225,253,13,4,128,255,56,122,95,255,114,254,56,14,16,224,1,68,0,8,0,0,240,127,64,128,128,252,119,238,7,171,243,238,95,157,212,169,206,251,81,116,43,126,17,248,243,3,240,24,31,240,129,143,255,127,124,60,0,0,32
231,237,253,126,141,17,240,191,224,7,254,131,195,113,255,207,255,255,255,78,8,132,240,238,49,0,32,56,238,1,184,58,251,255,23,1,157,13,128,255,103,103,2,254,29,56,28,254,207,255,249,159,127,120,192,128,193,227,255,255,3
37,140,207,231,121,255,135,68,130,248,141,129,195,113,255,143,31,255,239,255,248,143,127,248,225,1,192,241,255,255,10,3,193,81,248,254,128,0,4,20,250,171,254,133,10,53,0,192,131,255,241,7,63,120,224,193,195,227,127,255,39
39,118,110,7,128,223,56,0,197,251,18,28,143,33,220,222,189,127,4,129,0,8,242,254,211,131,0,208,255,110,7,0,224,247,55,22,239,31,9,32,250,219,253,9,113,200,121,25,26,202,203,52,228,229,223,13,45,7,128,206,31
53,93,78,34,73,153,244,247,186,70,237,93,143,32,244,30,52,25,79,230,201,158,253,111,147,39,39,3,239,205,254,186,189,108,151,237,221,142,146,219,183,151,11,126,224,231,61,105,75,10,0,0,240,236,146,36,37,129,254,77,30
101,9,111,38,128,157,120,52,224,223,141,3,222,247,140,255,157,113,68,4,0,8,112,230,25,35,2,156,231,136,255,92,53,84,5,32,255,126,247,85,171,130,220,149,46,231,16,58,132,132,144,255,79,104,165,123,67,254,233,221,56
0,230,3,0,128,0,0,192,255,3,23,4,3,127,255,127,0,0,0,32,0,3,16,0,0,0,8,12,0,112,1,6,224,253,55,19,251,31,0,0,254,255,37,136,119,64,0,16,0,208,255,253,239,255,255,199,3,227,123,255,62
10,232,151,64,18,226,39,4,130,48,15,212,225,126,119,200,35,166,128,0,0,17,3,8,98,204,238,35,152,191,32,16,33,68,130,72,153,197,44,187,246,33,176,190,5,138,224,47,248,3,126,251,143,63,255,254,255,253,166,68,10
33,253,0,0,65,187,52,30,207,255,48,204,231,1,255,79,0,0,0,0,128,4,104,196,115,1,2,18,255,143,52,172,11,239,226,93,223,253,46,170,116,117,137,110,84,154,89,115,214,12,154,32,97,221,255,107,106,118,129,31,48
0,205,7,0,16,242,229,52,138,242,143,209,233,58,247,202,1,96,0,0,0,0,144,8,0,102,68,0,252,31,216,148,41,101,162,76,219,85,46,153,126,3,185,110,68,154,162,171,232,2,93,211,133,46,186,254,255,153,62,64,10
229,253,79,7,128,255,252,223,79,74,160,124,3,110,212,222,17,121,68,140,0,0,112,254,241,99,3,252,255,15,254,189,93,47,235,101,86,242,127,8,148,148,8,126,96,199,240,25,120,6,207,248,204,247,255,255,63,15,0,64,31
229,253,77,6,128,255,120,26,237,123,176,100,131,236,221,222,25,121,4,10,0,0,112,254,145,35,3,248,255,79,158,171,238,234,91,36,69,2,130,255,17,244,75,126,112,1,224,0,56,128,255,248,255,255,255,255,63,3,0,192,63
120,237,3,234,127,255,181,252,159,240,143,207,199,48,255,7,0,130,199,247,255,255,79,72,33,195,66,242,253,191,48,213,249,247,255,222,128,116,111,153,122,51,253,167,4,158,133,239,253,47,124,66,87,126,224,254,243,251,127,119,3
88,125,3,200,115,224,135,228,159,248,143,143,199,1,254,31,34,130,138,251,249,159,143,136,226,68,196,35,252,255,0,3,241,207,255,249,128,0,196,114,161,230,114,255,15,245,3,255,192,15,232,0,0,252,242,225,255,243,255,47,39
0,140,0,72,18,48,193,42,16,173,90,31,141,32,244,11,0,128,139,113,49,23,131,24,98,196,196,0,156,51,192,175,55,33,36,132,67,26,66,8,149,246,74,95,160,245,47,111,65,43,104,128,148,52,208,228,237,209,188,79,11
0,141,1,0,22,0,33,176,120,198,252,207,68,0,247,65,14,130,129,112,16,87,17,8,32,64,84,32,10,17,32,128,152,33,182,196,127,13,98,136,91,19,175,107,216,190,135,231,225,9,40,128,18,30,112,244,244,123,254,35,1
97,253,77,2,8,217,248,54,217,254,224,199,64,24,255,161,29,113,71,68,0,132,112,196,17,1,32,18,255,14,255,157,93,99,111,236,64,118,246,216,177,179,223,119,224,199,130,38,160,1,36,201,11,26,127,255,210,124,95,50,33
97,13,127,38,128,25,240,119,26,210,173,5,129,122,244,218,31,113,71,236,8,0,112,196,0,0,0,16,239,13,254,149,125,101,175,76,74,84,118,137,182,19,217,119,64,79,46,12,3,243,233,159,63,176,192,128,165,195,254,111,7
97,77,79,6,65,249,124,52,138,254,143,1,28,197,136,252,63,249,14,134,128,8,72,224,131,3,3,128,237,207,126,0,11,192,202,248,140,103,252,241,99,97,253,253,15,8,192,0,48,136,135,120,200,231,159,63,31,14,0,192,62
7,28,254,111,3,176,116,4,128,254,141,31,2,67,152,252,255,255,255,255,145,18,240,64,2,4,4,0,252,191,244,0,1,64,0,8,146,252,100,146,38,39,147,252,15,222,255,241,127,52,0,63,8,0,0,0,4,2,192,136,60
33,242,173,3,128,47,39,145,104,6,244,253,11,115,224,255,221,106,3,106,0,6,240,127,0,0,64,253,43,213,218,175,30,32,120,101,87,180,34,10,20,220,11,122,240,203,253,127,169,7,245,80,255,127,234,245,247,3,126,250,37
0,13,4,0,2,48,192,29,142,115,23,28,129,32,244,26,12,160,11,96,0,31,48,128,0,0,4,0,172,87,72,151,202,165,186,84,66,85,42,136,86,81,169,46,84,202,47,60,3,103,224,23,190,112,192,129,135,195,249,255,7
72,29,128,72,83,186,165,100,151,188,73,195,227,123,255,72,6,146,129,60,184,131,27,8,0,228,230,114,221,187,176,211,235,246,134,68,233,68,166,189,123,19,252,39,64,26,62,148,207,255,251,191,255,208,1,1,0,0,253,175,53
72,237,23,0,50,96,75,189,242,151,15,31,2,65,232,191,6,160,11,0,0,63,7,0,0,4,204,1,24,247,64,41,87,194,252,189,128,168,220,115,33,230,114,255,11,52,192,40,48,2,70,251,15,43,239,255,95,175,2,240,26
33,237,15,6,65,255,117,54,219,222,165,221,207,51,246,15,0,98,134,198,208,12,253,236,161,67,64,160,255,223,56,58,251,206,214,217,157,141,132,179,101,100,16,254,13,152,161,107,232,11,93,208,181,254,250,245,255,187,254,1,8
0,239,141,193,48,230,15,133,166,17,15,0,10,127,248,255,5,110,129,41,48,2,48,120,0,192,199,227,121,255,1,34,129,74,88,57,149,128,132,242,37,244,19,254,15,1,224,0,120,4,207,240,205,127,255,255,255,15,0,128,62
3,136,236,101,144,55,65,169,48,5,91,7,131,114,252,159,95,239,215,235,48,12,115,157,97,128,192,244,152,55,129,191,247,239,21,0,203,9,0,8,247,50,122,95,128,244,61,28,0,98,225,22,254,249,194,133,135,131,248,255,31
1,141,221,46,8,177,240,63,96,173,90,2,0,24,187,160,63,225,255,7,0,129,0,0,16,34,32,16,196,9,244,255,27,0,216,221,85,173,234,187,81,87,171,111,212,30,0,0,0,0,54,104,91,95,125,255,219,126,27,179,32
33,189,8,4,128,27,48,98,211,220,200,223,137,34,244,11,0,96,6,200,0,12,96,196,17,3,0,16,207,9,188,215,249,117,190,206,227,12,33,132,59,59,191,161,204,222,121,68,26,201,35,52,226,149,127,137,140,68,144,43,37
0,252,1,0,0,242,199,38,211,252,9,3,131,99,236,63,34,224,8,24,1,17,128,128,231,71,71,0,248,255,216,23,185,69,182,200,139,76,0,145,255,3,184,255,141,126,96,24,24,6,195,48,140,225,255,207,15,135,97,255,63
88,125,243,120,126,48,224,119,9,88,160,133,131,248,255,15,2,128,255,240,31,255,15,0,50,126,100,0,142,1,224,255,27,32,216,221,76,228,226,187,19,16,136,111,192,30,30,158,143,247,253,223,127,240,193,1,128,224,127,255,7
224,253,1,4,65,255,53,238,255,191,11,238,98,152,187,97,0,0,0,8,0,0,64,76,113,227,2,254,255,143,52,160,251,255,198,221,220,253,239,187,117,119,139,110,64,30,224,95,252,143,255,248,207,127,255,255,255,15,0,0,8
97,253,1,0,128,187,32,102,211,220,201,3,195,113,254,159,17,96,4,0,0,8,112,4,1,2,0,48,223,11,240,157,17,99,228,140,206,120,247,24,49,50,254,119,136,63,32,92,8,15,225,16,254,127,227,199,135,195,252,255,15
97,253,9,4,1,255,254,110,215,253,1,222,239,99,244,30,0,0,0,8,0,0,240,252,211,131,3,192,253,239,55,138,253,102,223,236,205,46,150,255,33,176,255,255,0,39,32,12,8,11,105,144,246,255,255,239,167,1,252,111,15
33,141,12,0,0,255,60,108,151,253,11,135,195,241,255,199,13,0,0,8,0,0,112,0,0,0,0,240,253,255,119,151,19,192,252,156,130,89,78,48,115,114,254,223,9,240,26,30,128,23,240,15,15,248,225,195,195,255,253,255,0
8,125,130,64,122,242,71,46,215,255,3,206,3,0,255,62,2,130,139,113,49,159,15,136,98,192,228,96,252,63,0,10,139,198,242,92,255,39,172,185,32,97,249,190,5,202,211,126,0,4,0,0,64,99,255,255,27,239,65,248,63
37,253,77,167,1,255,124,14,197,253,18,254,191,71,0,60,0,96,68,12,0,0,112,254,241,163,35,248,255,15,55,158,130,167,244,220,207,61,138,40,80,80,252,127,208,184,241,127,252,15,239,240,206,127,255,255,255,15,0,160,39
101,253,200,231,217,255,229,255,147,24,129,7,1,32,255,15,29,95,199,239,248,136,251,124,113,227,227,242,253,63,224,223,255,247,23,4,67,0,2,8,250,51,252,119,0,199,249,31,0,0,0,16,244,255,255,255,239,1,184,127,10
8,143,128,72,62,50,1,164,246,183,75,11,207,97,254,31,32,130,136,48,49,191,135,8,98,196,196,32,152,55,64,48,17,68,180,153,255,207,68,51,103,34,18,223,11,52,16,28,7,247,241,63,255,120,193,131,3,227,249,255,31
1,184,8,4,0,240,3,84,138,90,133,136,199,113,238,95,17,64,0,136,1,0,192,0,3,6,0,0,248,255,136,181,105,109,34,12,194,208,38,24,54,49,24,254,0,138,47,254,139,15,225,0,158,120,194,197,199,195,123,255,39
1,226,45,4,128,3,0,192,29,136,112,179,219,127,168,247,153,64,0,72,0,0,112,155,45,0,0,108,2,240,64,69,64,0,248,255,0,208,65,0,206,11,4,129,255,183,126,190,255,7,128,255,143,192,166,77,207,3,105,255,62
128,6,3,0,6,0,67,17,224,7,254,0,70,209,255,55,2,128,0,16,0,55,0,0,0,0,92,0,0,112,0,32,160,137,5,33,255,143,88,98,255,255,3,90,251,33,0,240,133,175,208,10,93,120,161,251,67,254,127,255,60
128,70,3,0,6,0,3,137,236,39,126,0,230,209,255,53,0,128,0,16,0,55,1,0,0,0,204,0,0,243,64,102,23,8,112,255,255,159,24,98,252,255,3,152,191,32,0,88,128,158,254,0,77,237,253,251,67,255,237,223,62
33,230,15,4,128,25,56,16,232,67,164,156,71,0,238,231,29,96,4,8,0,0,112,128,1,2,0,188,67,128,126,12,0,3,96,194,183,191,121,0,0,252,135,161,255,159,33,122,136,15,0,0,128,120,234,255,255,163,127,255,30
90,25,144,120,126,34,193,118,11,248,128,125,3,2,208,62,32,130,152,241,255,255,143,8,102,204,252,35,24,51,96,221,93,37,250,255,0,112,127,1,186,3,252,39,68,207,123,24,6,220,195,61,108,192,135,1,0,0,97,255,63
117,237,79,167,193,223,252,118,11,218,165,193,227,255,255,199,153,123,198,206,216,128,120,238,185,35,35,191,239,141,254,213,93,117,171,110,32,112,119,205,186,11,252,1,100,15,0,27,192,230,253,255,255,255,251,97,247,187,255,77,26
1,237,15,4,0,32,97,45,240,151,75,131,203,119,238,255,1,96,0,8,0,0,64,128,1,2,0,36,0,187,240,172,19,64,4,136,255,255,239,16,33,126,51,207,137,124,96,29,64,10,251,176,143,127,254,253,255,215,165,79,15
0,239,7,0,6,0,52,36,242,151,207,135,67,121,255,247,12,32,0,0,0,159,57,128,0,0,0,34,205,153,116,6,27,64,50,219,255,15,100,144,109,111,179,237,15,222,48,59,196,134,80,187,207,108,243,255,3,176,253,223,24
33,78,47,0,128,0,60,16,104,66,244,69,131,123,255,254,13,96,2,0,0,0,48,128,0,0,16,30,67,128,252,199,13,0,50,66,35,6,33,132,184,255,223,161,102,207,47,57,64,2,72,128,60,100,144,33,239,147,253,15,31
37,204,127,39,0,153,56,0,243,222,201,31,143,35,244,223,61,117,70,128,0,136,240,245,17,35,0,16,245,14,119,130,21,32,116,172,223,10,86,88,177,178,90,119,168,247,19,218,0,26,208,1,4,32,247,239,67,231,249,255,30
1,15,30,4,0,16,48,44,150,245,95,3,129,96,254,223,31,224,7,104,0,0,48,128,0,0,0,0,196,143,245,47,27,192,20,217,145,13,236,178,101,103,179,255,15,56,0,12,0,3,96,1,6,48,224,193,195,243,253,255,15
97,253,7,0,0,185,48,114,89,222,224,139,70,209,175,119,1,0,0,8,0,0,64,128,17,35,2,56,207,9,124,156,20,39,236,164,78,250,255,8,17,18,238,115,240,247,224,16,56,4,135,112,200,79,255,255,31,14,3,144,52
33,13,14,4,0,17,56,82,73,122,164,128,193,113,255,207,15,96,1,8,0,0,16,0,0,0,0,144,255,13,30,128,12,33,35,100,66,118,50,200,144,145,253,51,112,11,0,4,128,9,240,0,79,248,241,195,195,251,255,255,33
129,242,4,0,128,7,8,139,229,5,82,30,131,99,204,159,0,96,0,0,0,0,112,131,1,0,0,252,2,32,3,70,166,155,53,178,55,27,17,68,204,222,102,1,187,161,96,56,24,6,195,48,252,255,223,13,15,3,128,206,63
1,182,12,0,128,3,32,169,182,5,91,222,79,83,240,167,0,96,0,0,0,0,240,159,0,0,0,12,0,32,33,46,211,203,124,153,151,9,12,50,100,102,50,204,29,248,33,100,8,1,33,16,242,255,98,132,236,1,188,63,1
37,141,109,38,129,153,120,18,201,222,164,1,196,113,255,199,159,123,71,142,0,0,112,228,17,3,2,184,239,140,254,223,31,0,96,78,239,53,39,156,56,121,253,35,68,10,0,0,128,9,248,128,111,254,253,225,227,255,255,127,0
1,236,221,4,0,243,1,64,154,214,141,147,233,123,246,203,63,127,0,0,0,0,192,12,51,102,64,48,252,31,8,0,128,100,148,140,201,72,70,91,183,2,88,223,0,117,50,158,136,151,241,25,143,48,255,255,199,195,120,255,15
101,253,77,38,129,223,124,22,201,222,164,253,255,91,242,225,153,121,68,12,8,0,112,238,185,35,35,252,239,12,254,220,45,55,35,102,238,126,127,204,152,153,253,1,96,15,160,0,168,137,191,112,203,255,255,255,223,10,26,176,33
8,31,0,0,22,34,1,36,242,189,75,143,133,0,246,15,2,128,0,48,17,127,11,0,32,68,220,32,24,179,32,0,145,65,52,153,255,31,68,16,119,102,50,207,137,188,39,237,201,11,40,0,0,52,210,228,229,209,188,15,3
161,242,15,0,128,5,74,155,109,107,112,140,195,113,255,207,9,0,0,8,0,0,112,144,0,0,0,252,54,102,195,204,38,163,33,52,102,179,27,0,208,252,111,26,240,224,0,63,128,7,240,132,255,254,240,225,247,251,255,255,37
1,188,12,4,128,3,32,161,178,4,75,143,70,144,238,231,29,96,0,8,0,0,112,8,0,0,0,252,11,17,32,66,249,93,22,202,187,12,0,149,47,43,151,129,13,254,47,246,131,12,144,0,57,72,32,65,198,98,217,191,48
33,12,14,4,128,17,48,161,186,6,205,143,68,144,255,229,29,96,4,8,0,0,112,0,1,2,0,60,133,9,60,34,145,92,180,139,187,136,0,23,47,38,2,196,142,255,5,106,129,42,80,2,85,40,160,66,65,177,237,95,24
64,237,3,0,2,176,48,48,88,238,252,129,227,249,255,127,0,0,0,0,0,1,0,0,0,6,4,0,192,137,60,138,138,170,82,85,85,37,170,235,81,85,171,122,244,26,146,158,164,151,244,235,15,122,253,251,211,255,123,255,62
0,8,3,0,0,0,33,18,73,106,244,0,2,99,252,62,0,0,0,24,0,1,0,0,0,4,4,0,10,17,136,130,232,32,18,68,65,4,34,168,86,85,169,122,240,10,0,4,0,1,32,17,10,80,210,181,183,67,255,238,39
8,207,3,8,86,32,39,114,89,222,236,67,226,123,255,52,2,128,0,48,17,87,9,0,2,68,220,2,74,249,48,128,152,32,126,238,225,14,98,220,185,187,223,99,236,31,8,21,66,253,253,223,175,212,115,33,166,82,255,143,53
193,18,0,4,128,1,8,172,182,181,91,11,4,128,47,39,0,32,0,0,0,0,112,0,1,2,0,92,0,32,161,68,53,83,5,170,166,122,85,84,169,170,254,129,175,167,1,96,0,8,0,0,80,91,109,219,138,110,17,251,37
37,253,108,38,128,25,112,53,240,150,205,255,207,2,240,207,25,113,70,136,0,0,240,207,25,35,0,60,199,8,252,140,17,65,100,136,255,126,119,0,32,58,223,231,136,191,191,255,239,175,113,18,215,56,0,198,197,33,254,255,8
97,173,253,6,0,187,240,36,130,220,137,3,200,115,246,199,63,123,79,140,0,0,240,196,17,34,0,16,255,13,254,223,25,64,128,72,235,92,103,145,59,35,253,231,12,223,243,31,0,153,247,17,3,144,255,255,223,67,120,255,1
67,173,221,6,0,251,225,102,131,248,129,131,201,127,238,199,191,119,140,8,0,0,192,136,123,231,2,32,254,155,112,16,1,68,232,204,136,116,255,153,50,1,252,231,4,95,0,6,128,25,254,225,15,153,255,249,255,255,25,255,32
101,253,76,38,128,157,56,0,203,218,164,129,196,49,255,199,159,123,68,136,0,0,112,196,17,35,0,188,239,12,62,8,32,114,65,46,237,110,247,221,1,184,254,19,32,39,0,2,136,200,127,48,225,255,255,255,205,33,8,119,8
90,29,216,126,91,185,180,244,27,220,205,87,40,10,49,64,119,19,204,252,191,152,201,76,55,127,102,2,204,137,52,153,249,102,206,204,204,108,230,217,49,51,223,119,200,255,58,1,0,64,1,159,160,132,19,4,36,0,140,15,56
200,231,131,64,114,226,231,157,174,115,143,128,195,115,254,31,4,162,129,50,80,19,31,40,32,204,207,163,248,255,72,183,95,165,186,255,0,81,42,169,254,67,168,126,241,8,134,190,161,55,244,223,31,122,224,247,211,251,127,255,53
64,233,129,68,144,59,225,68,130,88,129,132,195,113,254,7,4,98,129,40,16,2,49,8,32,64,224,112,254,63,224,211,233,116,138,78,200,68,167,157,58,1,253,166,68,74,161,30,168,13,245,80,155,126,234,255,247,107,127,241,32
0,230,7,1,32,102,15,201,36,1,31,244,251,127,254,255,0,32,0,0,0,0,16,49,64,136,253,247,176,111,195,175,21,73,33,45,210,178,86,66,180,188,66,214,34,229,240,62,184,7,247,122,223,123,239,255,223,239,107,248,60
0,226,7,0,0,100,11,233,52,37,91,222,195,123,255,79,0,0,0,0,0,0,48,16,0,0,128,68,16,119,3,164,98,169,40,21,82,209,10,42,86,84,32,126,177,224,224,61,104,7,237,240,158,127,222,253,255,219,246,0,7
101,237,205,7,0,255,90,2,64,232,240,253,255,115,238,199,1,104,0,8,0,0,240,255,253,1,225,253,253,127,138,173,108,43,107,101,70,182,115,8,16,156,203,114,240,199,255,255,229,31,244,65,15,16,248,243,243,251,127,247,1
33,253,76,6,128,153,56,32,211,220,200,79,133,32,255,218,29,113,4,0,0,0,112,196,17,35,0,16,223,10,117,196,21,33,237,238,238,126,119,72,184,186,222,83,162,231,121,123,156,2,83,48,229,237,247,111,77,129,160,95,26
202,249,129,207,113,254,231,126,158,248,143,255,251,127,252,31,0,82,128,15,241,0,143,120,231,207,199,227,249,255,176,21,123,239,135,8,136,240,127,17,246,3,240,255,15,62,254,223,255,255,255,255,255,255,1,0,0,192,113,254,7
94,237,131,255,115,238,199,255,62,0,15,247,251,127,208,56,0,192,223,255,255,183,159,121,226,205,239,227,249,255,160,47,255,239,31,8,129,0,128,242,37,246,19,254,15,53,224,253,253,183,255,251,223,127,254,255,255,31,2,0,31
216,243,129,221,115,238,199,253,30,0,79,227,255,255,207,63,0,0,128,19,240,33,15,56,230,239,207,231,249,255,1,51,209,206,223,249,17,128,128,255,231,6,0,254,143,52,252,159,255,255,255,255,255,255,0,0,0,0,252,255,62
55,253,205,231,113,255,255,59,64,234,240,249,255,255,255,139,1,127,192,15,248,128,238,252,251,225,227,243,255,15,255,207,31,34,64,4,229,46,130,220,17,252,255,119,0,135,255,255,255,255,255,255,63,0,0,0,252,247,156,31,0
160,239,7,0,128,136,126,26,77,107,240,196,227,121,255,143,1,96,0,0,0,0,0,128,216,1,252,219,247,78,223,198,12,33,51,100,99,23,50,200,254,255,237,50,112,203,8,29,66,71,232,132,46,244,240,161,247,243,255,239,39
53,246,1,131,249,255,95,59,97,47,112,252,243,255,255,165,0,120,130,7,0,4,127,255,249,129,243,255,127,255,31,142,134,179,119,246,119,47,130,40,16,220,239,123,240,128,208,191,254,135,254,255,79,255,255,255,75,252,1,17,32
97,237,11,6,65,255,183,118,159,250,133,253,255,115,224,15,0,64,0,136,192,0,240,253,243,199,3,163,253,255,254,221,93,69,171,236,138,246,127,0,178,35,252,247,14,71,175,223,232,255,253,209,143,126,250,245,247,219,126,34,3
96,253,1,4,0,255,252,118,154,222,141,157,199,113,254,31,0,0,0,8,0,0,80,104,129,66,3,176,237,223,222,223,125,85,167,234,170,126,119,16,186,163,252,245,14,231,113,126,156,143,243,56,255,255,255,207,203,231,121,255,31
96,237,15,4,0,185,112,36,146,148,73,135,195,241,255,135,1,96,0,8,0,0,0,0,0,2,2,126,221,139,180,81,113,84,132,138,168,72,197,93,187,34,254,197,138,247,128,55,224,5,180,193,11,94,249,255,243,250,127,178,37
64,253,1,0,0,242,231,54,219,254,128,189,203,119,238,63,0,0,0,24,0,1,0,128,227,69,70,34,122,255,184,59,233,206,222,72,141,100,164,187,3,1,145,238,77,218,243,94,176,15,246,96,79,251,255,223,219,239,81,250,55
103,249,73,230,65,255,244,219,73,72,176,216,239,121,255,15,17,85,196,141,248,0,240,255,255,239,163,242,253,143,181,139,234,166,83,68,69,36,130,235,16,80,233,62,112,10,109,223,255,255,255,182,255,255,244,73,237,247,161,255,26
97,253,77,38,1,187,240,118,27,218,236,9,4,0,255,39,17,241,199,222,152,8,64,196,177,35,2,180,237,15,252,191,95,32,248,253,64,96,254,249,19,16,248,127,192,223,193,98,176,0,4,64,192,127,255,255,127,62,3,144,56
101,29,126,62,9,153,184,247,27,216,165,5,1,48,255,79,63,217,79,254,255,8,96,196,17,35,0,16,231,12,255,255,31,32,234,68,64,116,102,136,18,17,153,119,192,223,31,190,1,0,0,7,4,0,0,0,65,249,255,255,26
255,249,200,253,145,119,129,86,11,120,128,0,233,123,247,11,17,239,255,255,253,0,208,62,251,246,227,241,254,23,128,144,224,255,135,0,72,80,63,137,254,1,252,58,112,10,104,0,26,217,255,60,231,255,255,1,204,1,128,119,3
10,236,145,239,123,254,7,193,190,0,15,146,203,115,236,127,54,30,141,183,243,63,223,120,227,207,199,227,249,255,32,2,224,239,151,9,153,1,0,187,247,39,0,254,9,56,254,158,191,247,255,255,255,96,129,7,3,128,97,255,63
95,201,255,255,17,234,39,192,31,184,9,195,249,127,247,202,255,95,201,45,185,0,144,94,112,255,247,115,255,187,48,16,160,36,132,4,73,72,2,189,255,3,252,111,128,62,46,223,251,255,255,215,47,128,16,0,252,243,254,15,11
71,249,137,239,113,254,199,122,73,248,240,129,203,123,254,31,27,254,207,255,249,5,47,248,225,193,195,227,255,255,200,223,126,32,8,4,64,32,227,236,17,216,255,35,240,31,255,255,255,255,255,182,191,253,2,0,252,3,224,239,31
200,29,2,108,91,176,97,62,242,255,79,143,3,0,255,31,2,128,143,249,187,191,11,0,34,198,68,0,156,59,160,184,251,255,7,0,223,237,238,187,49,119,187,239,12,222,19,124,0,15,96,0,70,112,241,227,131,243,253,255,15
37,141,252,102,1,187,48,0,217,222,232,23,2,82,240,247,61,123,207,236,153,8,240,238,17,35,2,48,239,141,60,0,224,119,7,64,205,12,166,157,49,51,255,231,68,223,63,31,0,144,241,25,15,128,243,231,131,227,255,255,7
65,173,205,4,0,251,33,36,211,220,201,3,233,123,244,15,1,98,204,8,16,0,224,220,115,103,64,48,254,27,240,155,177,102,212,140,205,8,192,121,49,50,254,127,136,117,0,12,0,1,233,144,142,244,255,255,247,195,254,111,7
75,237,137,199,81,254,231,118,131,248,129,251,255,127,102,207,51,222,128,159,241,0,1,248,243,199,195,227,253,255,48,136,1,102,218,220,204,101,174,251,33,48,184,255,0,26,224,199,250,95,255,240,143,255,255,253,255,63,0,0,0
74,232,147,72,54,98,135,228,30,144,79,83,171,127,248,62,34,130,136,48,51,51,131,8,98,204,220,3,24,255,0,49,209,204,188,249,136,192,68,115,239,3,16,253,15,116,242,152,60,246,255,255,143,227,255,255,31,135,97,236,63
97,249,137,198,65,255,119,22,203,250,133,217,255,113,254,207,1,114,128,8,16,0,97,252,241,227,67,243,255,255,56,8,97,70,199,8,140,126,255,245,33,32,252,253,15,31,105,127,254,207,255,176,239,255,255,237,255,71,144,255,1
64,232,143,4,0,226,39,68,146,248,15,151,203,115,238,63,1,64,8,8,49,0,144,24,98,196,196,0,248,255,161,19,249,196,158,136,137,64,4,243,247,3,176,255,15,254,227,191,176,23,246,97,15,99,255,255,255,255,1,252,63
103,253,204,229,128,255,200,22,195,250,128,252,255,59,118,203,25,111,198,3,8,128,241,254,241,227,97,240,255,15,136,221,108,183,99,6,110,116,127,8,16,24,252,3,112,139,253,111,255,139,127,240,247,255,255,254,253,1,0,113,0
11,224,159,65,18,226,7,192,182,4,15,191,203,119,238,255,255,30,0,0,16,2,147,24,32,206,205,97,24,255,64,0,0,0,88,185,149,8,128,122,37,246,2,222,139,245,231,255,249,31,255,241,15,70,254,255,255,159,103,128,62
10,255,129,198,241,255,167,233,62,0,95,211,235,123,252,95,4,30,129,47,240,2,255,125,192,238,235,247,249,255,75,183,215,237,189,189,153,128,4,123,247,39,0,254,10,101,124,31,223,239,255,190,255,255,146,5,237,3,252,207,30
0,226,141,68,128,171,165,197,38,0,15,146,223,119,238,255,1,64,0,8,0,0,80,95,32,254,74,126,201,153,240,55,234,141,154,65,25,196,32,131,126,7,1,104,221,26,36,31,201,175,249,154,255,127,242,247,231,131,254,255,15
64,233,15,0,0,176,33,145,40,66,164,144,223,115,238,255,1,0,0,0,0,0,128,8,35,70,70,0,72,221,56,168,42,170,66,85,93,165,170,171,20,85,137,106,244,26,192,222,188,159,247,112,143,123,239,255,223,239,67,240,63
39,254,1,195,241,255,95,27,225,15,240,244,251,127,238,183,1,124,162,7,0,0,246,255,233,129,211,255,127,255,15,140,224,51,99,36,103,54,146,8,16,252,239,51,240,135,240,127,254,135,255,248,239,255,255,255,223,47,0,241,48
97,253,3,6,65,255,62,20,218,255,141,129,255,249,255,207,1,48,0,0,0,0,88,96,129,131,3,242,255,239,63,8,41,66,71,72,133,46,244,221,33,161,223,247,14,15,0,68,234,239,253,208,255,255,251,245,247,251,255,63,1
72,253,1,196,16,254,135,84,154,218,141,245,251,127,254,63,0,0,0,8,80,0,1,40,226,205,207,163,248,255,152,156,113,247,229,140,206,122,255,25,34,32,252,223,0,117,224,31,248,223,255,248,207,255,255,255,255,79,1,240,55
0,141,13,6,0,184,53,52,154,214,143,3,199,113,238,255,23,114,0,0,0,0,64,0,1,70,2,32,233,255,124,80,25,84,134,202,235,94,117,149,251,43,253,133,14,31,0,0,0,207,241,16,238,248,227,199,199,195,253,255,31
88,205,3,200,114,240,7,228,154,148,143,83,235,127,249,60,0,0,8,48,243,191,143,8,34,236,239,3,248,255,128,18,241,237,151,8,153,79,4,243,255,3,16,255,15,117,246,155,253,182,223,255,79,103,191,255,35,191,229,204,62
11,232,159,69,16,230,71,4,162,17,15,240,255,127,96,207,247,111,157,11,48,0,208,57,98,254,197,96,24,119,64,0,0,0,144,136,137,8,0,51,103,2,50,255,137,244,231,239,249,59,127,243,7,2,154,254,255,153,62,0,11
33,242,236,5,128,127,0,2,193,90,160,252,223,49,102,199,25,104,4,0,0,0,240,254,169,2,0,248,126,84,10,192,160,183,112,22,111,1,131,12,24,88,236,1,240,240,255,255,172,25,52,65,3,144,235,215,211,104,122,243,33
1,252,141,0,0,242,3,165,178,4,141,223,203,123,244,223,33,98,128,8,0,0,240,152,35,68,68,32,184,127,0,178,144,44,148,133,93,8,128,59,23,22,2,126,128,252,243,239,248,27,127,241,7,178,255,255,253,201,50,102,3
65,237,11,4,0,250,39,102,211,252,73,139,247,241,239,71,1,0,0,8,16,0,128,136,251,231,70,32,254,191,32,148,17,101,165,172,202,122,95,25,187,2,126,215,136,117,225,95,240,31,255,224,143,255,255,255,255,255,129,204,31
101,253,205,6,0,255,244,63,194,248,129,248,255,51,246,143,17,96,4,140,0,0,96,220,255,99,2,248,255,139,244,221,27,64,226,76,238,116,239,153,34,33,189,167,68,158,181,255,255,175,125,18,247,126,194,246,247,65,126,119,3
74,233,131,204,17,254,199,62,130,252,15,179,223,247,204,63,0,226,136,15,16,0,1,8,226,199,199,163,248,255,8,0,97,214,199,8,140,116,253,245,35,32,244,237,15,30,100,253,255,127,255,247,191,127,0,253,255,135,225,239,63
64,237,3,4,0,34,135,102,147,252,73,131,219,247,238,127,35,128,0,24,1,1,0,0,34,70,68,0,122,251,48,16,51,196,134,216,136,77,236,181,99,35,190,237,141,124,66,156,16,31,227,33,14,241,255,221,255,199,65,255,63
97,253,9,4,128,191,244,46,215,189,73,171,247,245,239,71,1,80,0,8,128,0,96,196,17,35,2,254,223,139,53,216,89,118,206,206,236,108,231,157,41,59,255,229,12,191,225,127,252,15,247,112,255,127,255,255,255,235,58,241,8
229,247,5,2,201,255,116,59,109,239,112,200,255,121,255,207,1,57,64,4,136,128,104,252,253,163,35,255,253,15,255,236,30,42,67,117,118,191,251,234,17,252,139,122,240,203,56,63,204,131,121,156,255,255,247,231,199,225,252,127,3
160,247,7,0,128,153,124,26,77,107,240,196,227,253,255,165,0,96,0,4,0,0,48,196,0,1,34,254,255,136,255,233,10,186,74,87,116,165,171,174,92,93,171,42,245,26,64,94,176,15,246,96,79,255,253,251,251,255,9,255,24
0,232,3,4,0,114,129,205,166,1,15,158,203,115,238,63,4,96,1,32,0,2,112,25,0,2,0,100,128,55,193,43,235,202,82,89,149,5,128,187,100,116,33,254,21,24,160,30,184,15,247,112,223,127,238,255,255,43,123,240,52
97,13,254,126,1,177,240,38,146,156,201,3,0,96,253,30,127,243,255,252,159,153,0,128,19,38,36,16,204,9,248,255,31,0,0,128,194,124,103,144,59,51,223,231,140,191,4,232,77,35,0,3,22,32,0,166,129,209,254,110,15
101,141,77,38,9,255,248,54,211,252,200,3,129,112,255,207,63,253,76,141,136,136,72,68,83,167,35,18,255,15,247,221,61,51,5,164,230,122,119,76,153,186,254,83,160,39,0,0,0,0,97,56,206,255,255,255,143,195,48,238,15
74,237,147,72,83,226,167,228,154,208,141,243,251,255,239,223,34,18,136,16,17,19,139,8,98,207,207,35,248,255,176,154,233,102,194,76,205,100,166,155,3,1,153,110,68,222,162,31,232,1,253,243,143,126,250,255,255,91,126,0,33
64,253,3,64,18,242,231,118,155,254,141,135,131,121,255,31,0,128,0,24,1,1,0,128,34,69,196,3,252,255,240,61,23,64,236,153,158,249,126,16,35,34,18,255,11,180,193,253,248,7,0,128,142,127,254,253,255,223,247,14,7
97,13,72,46,9,153,240,55,138,210,141,133,65,176,255,7,17,225,71,190,136,136,64,68,17,35,34,188,231,12,254,223,249,118,142,74,136,68,167,157,59,33,189,165,4,222,0,4,0,0,32,8,211,126,233,247,131,232,127,255,1
103,9,254,38,0,145,48,36,146,148,205,159,14,0,224,247,125,115,95,140,0,8,240,205,19,39,2,16,197,9,252,191,29,0,200,68,76,100,166,153,3,1,153,119,68,223,239,243,177,56,4,1,0,0,0,124,126,63,11,144,56
3,140,253,6,0,178,33,128,178,4,75,147,201,114,246,207,127,127,134,8,0,0,112,136,33,0,0,32,201,255,48,0,128,8,16,77,211,4,0,154,118,117,1,254,0,218,127,255,139,55,209,19,15,64,128,197,231,163,253,255,62
11,236,157,71,16,242,7,128,178,148,11,3,200,50,244,207,127,127,137,9,16,0,241,89,32,198,198,96,216,191,96,0,16,0,20,128,213,8,192,27,1,54,18,239,136,62,0,0,104,0,127,240,135,63,254,254,255,19,190,0,8
101,253,9,4,0,255,188,82,11,90,164,253,251,127,247,203,1,0,0,8,0,0,240,255,247,39,35,147,237,15,62,136,232,107,79,68,68,180,242,138,16,244,139,126,224,143,218,255,247,135,254,239,79,255,253,251,227,255,255,255,0
96,253,11,4,128,187,180,224,27,128,200,255,203,123,240,95,1,0,0,8,0,0,112,0,0,2,0,124,223,137,52,137,216,38,222,204,64,36,226,153,17,19,155,103,192,222,255,31,8,24,207,144,140,231,255,189,191,3,230,204,31
72,253,217,239,1,255,231,126,31,248,141,151,129,50,244,15,3,214,204,255,251,0,0,24,243,231,195,226,253,255,224,255,31,68,168,76,138,240,126,17,242,35,248,255,0,15,97,239,251,15,127,176,167,191,254,253,253,151,160,71,11
192,77,3,0,0,51,160,118,155,220,201,135,67,241,255,39,0,0,0,8,0,0,16,0,0,2,0,112,254,51,192,223,87,243,252,190,224,57,207,60,121,122,126,197,136,116,0,18,0,4,212,104,77,107,175,95,83,175,107,253,60
72,237,3,72,83,242,167,110,23,184,73,195,251,255,255,26,0,128,138,89,177,21,11,128,98,197,252,2,220,187,96,145,89,100,254,255,8,64,110,191,255,3,184,239,136,62,24,158,223,247,251,191,111,248,225,1,131,247,249,255,31
207,249,129,231,113,255,135,118,155,248,133,209,251,127,254,31,1,122,136,15,240,0,237,248,255,199,199,227,249,255,152,85,119,255,7,0,138,240,127,0,234,35,244,221,15,48,124,254,255,255,255,126,255,255,231,133,197,195,120,255,7
0,253,5,0,0,34,135,108,150,188,75,191,223,119,236,127,0,0,0,0,0,0,0,0,0,0,64,32,123,251,112,83,25,4,188,255,136,72,68,149,255,3,252,229,143,254,227,127,248,15,255,240,143,255,255,255,255,15,1,168,53
64,233,3,0,0,98,195,63,64,255,112,188,219,119,238,63,0,32,0,0,0,0,0,0,34,68,68,0,56,247,192,255,62,35,68,132,95,252,194,8,1,16,10,123,248,254,227,255,248,15,247,112,143,123,255,255,255,15,3,240,53
37,255,77,2,128,159,116,179,121,6,232,255,255,127,254,199,17,113,0,0,0,0,112,239,189,59,34,254,199,136,126,170,152,42,86,197,85,140,160,138,5,21,3,106,212,222,63,31,192,151,249,157,15,252,243,231,231,243,255,255,3
0,242,0,0,0,96,3,12,166,53,31,250,255,113,238,15,0,0,0,0,0,0,0,0,1,2,0,0,152,255,0,0,162,139,113,49,87,163,136,98,64,212,32,126,51,128,255,247,255,125,191,0,176,223,126,124,252,46,0,17,32
192,226,3,4,0,96,75,137,36,33,127,254,251,255,175,39,0,64,0,8,0,0,0,0,4,136,204,100,128,55,1,32,224,255,135,17,25,193,136,187,86,68,0,46,17,216,231,255,241,63,254,227,15,127,252,255,255,255,15,0,8
11,128,253,73,18,98,195,2,0,136,64,3,168,126,245,202,255,255,251,27,51,17,131,24,102,204,252,35,152,55,192,183,22,0,136,4,8,208,2,11,222,2,8,90,176,52,0,1,64,16,123,183,135,45,246,236,253,183,172,15,10
97,237,31,14,1,248,252,118,154,218,141,1,0,122,254,207,63,217,12,156,129,0,192,0,3,39,3,0,236,143,254,191,29,66,203,104,132,230,246,219,33,160,217,247,14,143,192,32,48,0,6,225,15,43,255,255,251,255,3,80,24
200,205,3,12,3,176,245,125,154,214,143,1,16,252,15,3,2,226,137,20,145,17,9,0,34,127,71,34,72,217,248,253,91,100,142,204,200,244,255,191,115,3,185,239,68,94,128,13,96,11,236,192,150,126,250,255,255,251,255,34,7
216,249,3,236,123,246,195,126,31,248,9,99,253,255,85,26,32,192,200,57,121,17,129,0,242,246,247,3,254,63,192,187,127,230,205,140,204,96,254,255,19,16,248,127,0,52,56,0,127,255,255,255,255,247,211,0,0,0,246,46,7
65,237,11,14,65,184,245,53,138,214,141,141,67,144,255,39,0,240,143,252,144,0,72,64,1,67,2,34,201,157,188,80,249,87,6,74,168,108,229,149,43,43,253,165,15,223,131,127,224,7,48,64,7,126,248,255,243,251,127,115,1
37,253,253,46,1,153,48,16,72,218,228,5,0,120,255,199,255,251,239,14,1,16,224,228,147,39,39,0,238,13,126,128,8,32,66,68,68,116,230,153,17,17,155,103,196,222,255,191,228,21,52,201,11,128,251,243,211,250,127,179,33
71,141,223,110,1,187,244,63,128,250,143,1,193,121,255,143,191,247,255,159,153,0,65,12,51,247,66,48,222,27,240,255,27,32,2,68,205,101,174,185,17,17,185,111,68,26,0,32,0,3,96,219,79,112,195,247,131,193,127,255,7
202,137,3,252,19,176,165,237,150,180,75,159,131,96,252,31,0,192,223,253,191,19,139,16,66,237,238,2,220,187,165,1,241,255,7,128,128,88,78,17,247,34,122,223,136,244,111,31,0,40,72,128,20,36,144,236,239,243,253,15,30
64,173,1,108,25,251,161,110,95,248,64,3,0,40,245,10,50,228,204,157,185,25,203,16,115,231,7,0,252,191,229,155,123,230,198,4,76,104,238,251,17,16,248,127,144,124,64,12,16,216,255,184,199,189,255,239,237,213,128,111,11
1,204,207,71,0,255,1,0,215,189,1,135,195,113,254,223,63,127,133,168,0,0,80,24,1,226,2,240,255,191,32,128,160,168,20,133,81,137,66,59,119,118,10,127,144,244,247,191,45,150,197,123,12,0,139,255,23,139,99,240,30
1,248,1,132,32,255,75,18,73,122,176,140,199,49,255,15,8,2,130,66,80,4,245,188,160,64,64,161,254,127,136,140,228,35,67,36,70,54,178,72,144,148,201,62,112,3,40,5,74,65,45,212,178,255,218,164,252,3,190,2,3
1,242,141,129,160,102,11,2,97,107,112,252,75,127,250,39,0,100,0,1,32,0,242,186,224,128,209,233,62,119,3,199,228,49,57,38,99,18,3,12,218,216,252,1,240,193,225,95,248,13,255,240,139,255,255,253,255,127,129,0,48
90,232,215,203,126,242,7,192,31,16,15,158,203,115,236,63,32,14,136,43,243,50,255,121,226,205,207,3,248,255,1,19,224,237,191,20,9,64,0,1,246,3,104,126,240,224,254,158,191,247,247,127,79,64,129,3,3,226,121,255,63
231,241,248,255,193,255,255,58,65,250,240,129,199,113,238,159,191,255,239,255,244,8,76,248,225,195,3,233,127,255,222,223,126,50,3,0,100,98,179,237,1,152,237,1,240,7,251,223,255,255,255,253,231,189,255,1,136,197,144,103,3
97,253,7,0,128,187,224,50,81,222,224,139,214,193,239,183,0,32,0,0,0,0,64,0,1,2,0,248,255,25,120,155,24,34,222,214,77,108,226,173,17,17,175,107,208,30,208,82,180,156,215,104,201,203,255,95,91,46,65,216,60
254,249,137,239,113,254,247,126,1,248,128,19,207,115,236,31,0,254,255,255,255,25,15,120,243,231,195,227,255,255,254,255,255,231,143,4,0,112,250,233,19,19,252,127,240,127,248,15,52,216,255,253,239,191,255,159,9,76,0,96,3
88,233,131,252,17,243,193,127,2,248,1,195,227,127,255,10,1,225,205,63,185,128,0,12,114,247,231,51,254,15,160,145,235,237,135,4,200,64,46,185,255,3,184,127,0,24,28,222,255,255,255,31,127,120,0,0,128,227,121,255,31
75,249,153,255,113,254,135,68,31,248,129,139,207,113,254,31,49,222,207,255,249,24,207,248,227,199,199,227,255,255,202,255,255,230,95,8,132,32,132,251,33,32,248,255,15,33,255,223,255,255,255,183,63,128,0,0,236,247,185,127,11
64,237,15,4,0,34,39,164,178,149,75,131,124,26,50,193,19,98,0,8,0,0,64,0,33,206,0,32,24,251,96,58,16,6,212,149,93,233,192,59,3,2,2,127,152,60,193,193,248,24,31,224,128,15,62,254,255,62,6,0,32
