0,1,2,3,4,5,6,7,8,9,10,11,12,13,14,15,16,17,18,19,20,21,22,23,24,25,26,27,28,29,30,31,32,33,34,35,36,37,38,39,40,41,42,43,44,45,46,47,48,49,50,51,52,53,54,55,56,57,58,59,60
32,246,4,0,132,1,56,192,31,64,165,1,192,123,255,79,29,0,0,232,0,2,112,0,0,0,0,156,2,0,30,0,192,253,191,255,187,6,0,65,254,3,80,148,46,7,8,0,134,195,241,255,239,252,251,1,0,224,255,255,0
8,14,62,8,6,0,193,62,0,254,236,3,0,252,159,252,255,230,187,120,7,119,0,128,6,12,92,0,0,48,192,50,21,0,0,1,217,207,208,255,247,135,2,254,174,247,6,160,0,16,0,239,15,0,0,98,98,254,253,31,56
37,2,126,183,129,13,248,55,96,2,228,29,2,0,160,247,253,125,119,239,70,0,240,247,9,0,0,220,3,192,223,109,101,81,33,0,162,178,21,0,172,236,87,128,47,229,47,48,3,100,128,22,184,192,0,1,252,3,197,137,52
10,12,182,24,126,0,131,116,154,214,237,29,2,2,208,252,110,130,155,112,19,255,191,9,2,76,220,0,8,241,192,255,29,0,248,234,171,30,52,0,170,163,223,245,110,207,15,224,1,48,0,3,16,0,0,0,32,146,255,142,63
192,19,2,8,6,0,152,126,95,249,112,254,7,0,208,90,32,0,8,216,1,21,128,128,31,4,4,0,6,0,199,255,31,133,160,176,254,255,127,0,234,3,252,217,255,224,255,255,63,127,160,0,0,128,64,1,128,207,113,254,55
33,198,47,1,164,76,31,144,236,71,183,0,255,255,255,255,207,44,0,2,0,70,52,35,128,16,221,207,35,244,79,66,4,0,176,251,255,15,0,247,238,139,68,128,127,1,30,152,207,255,255,255,31,96,128,1,3,243,253,207,30
161,31,100,34,206,153,120,32,240,143,248,75,100,129,255,224,222,177,103,224,8,255,126,132,17,34,0,28,135,0,63,106,154,154,86,247,255,47,192,255,1,254,135,65,253,190,17,112,4,140,0,8,224,248,227,3,2,224,121,255,52
33,118,38,2,236,13,124,59,224,7,120,255,3,8,241,128,12,33,67,64,0,230,62,247,0,0,188,223,231,0,63,196,180,185,39,166,123,159,83,0,254,223,79,17,250,229,255,63,96,0,0,216,208,30,27,254,50,24,222,0,32
1,14,188,0,132,0,1,192,63,4,95,31,0,0,224,255,127,2,3,104,1,22,240,137,0,0,4,0,8,49,0,4,128,13,184,223,219,29,0,0,254,7,0,110,64,222,34,0,0,0,0,25,142,128,255,239,135,0,244,239,39
37,22,252,63,129,1,56,129,44,3,54,12,0,0,244,207,255,255,127,255,239,14,240,117,1,2,0,20,133,14,255,38,170,137,50,81,87,133,0,162,84,245,1,62,85,202,15,68,0,8,0,0,16,0,0,0,180,65,254,34,3
67,8,252,47,0,17,32,0,0,212,205,3,4,0,224,255,255,255,255,248,10,8,80,0,1,2,0,20,128,1,32,0,32,6,0,0,255,255,236,1,0,0,16,254,13,30,0,64,0,24,0,0,0,128,128,1,92,163,107,253,62
3,22,252,124,148,2,1,193,52,0,95,6,0,0,244,31,255,231,255,251,63,6,240,27,0,0,88,44,8,49,128,118,187,221,22,0,187,15,0,4,254,79,36,128,31,216,41,0,0,8,1,0,160,128,2,4,132,2,120,255,55
244,7,114,187,111,136,190,252,159,255,63,0,2,193,221,60,254,152,127,247,239,255,14,160,132,8,25,143,33,196,223,57,79,202,203,121,148,247,190,243,196,229,225,190,119,0,0,144,0,20,128,13,12,192,145,1,3,223,229,204,63
0,6,23,8,2,0,11,8,228,39,95,2,0,104,255,158,46,160,11,48,0,55,0,0,0,4,156,1,0,114,195,255,31,0,240,253,255,15,128,251,245,247,3,254,191,225,0,0,0,0,0,137,14,16,253,255,131,255,255,239,7
0,14,50,24,22,0,65,185,224,7,126,6,0,2,208,190,110,224,191,113,3,55,176,128,2,0,76,0,0,49,192,174,187,235,54,17,215,157,8,34,68,244,35,126,221,184,7,224,1,40,0,2,16,0,0,36,39,131,247,206,63
8,6,34,16,246,4,31,205,174,3,31,220,3,120,255,60,12,0,51,99,102,119,54,51,0,0,220,207,0,246,15,118,206,221,187,123,59,151,0,0,254,71,0,168,127,200,191,63,1,32,0,223,251,94,0,230,34,50,255,139,52
39,2,254,255,15,0,112,145,232,7,244,12,4,0,192,223,255,255,255,254,223,255,253,167,5,0,0,12,0,64,154,170,170,170,82,5,119,15,128,238,16,220,11,58,240,202,31,232,3,56,0,2,16,0,0,0,0,192,254,239,15
3,50,252,1,128,7,65,10,101,45,82,158,1,2,240,207,221,103,55,233,38,6,242,191,0,0,136,252,16,34,65,39,66,137,120,149,18,145,8,0,84,254,3,74,249,240,123,58,0,0,0,57,193,137,231,79,72,36,136,255,56
31,22,244,123,254,3,32,195,121,2,240,93,0,2,16,96,254,31,255,243,255,255,255,127,8,16,92,8,10,16,0,84,225,221,190,203,171,88,5,0,254,11,20,129,15,126,63,5,14,248,41,31,224,128,3,0,4,0,148,15,33
24,94,2,8,126,0,39,0,255,255,244,69,33,104,253,24,0,128,8,112,125,247,15,0,2,68,252,3,126,85,8,0,224,255,55,194,227,15,0,132,251,251,255,129,207,254,27,29,2,208,232,141,110,148,255,1,160,212,245,15,7
176,95,2,16,239,13,60,209,191,70,173,125,55,201,153,60,0,0,0,240,206,255,60,103,8,16,56,159,35,64,31,68,236,127,191,235,163,30,49,196,190,175,215,145,110,135,189,241,111,230,8,142,240,70,0,2,0,16,246,0,63
1,14,54,16,134,0,24,192,121,78,244,5,1,120,255,222,63,9,11,96,1,22,176,128,0,0,4,1,166,68,90,164,16,1,56,239,211,158,118,0,190,191,11,119,136,255,0,8,0,0,64,157,47,160,243,1,161,211,253,239,15
56,54,36,16,254,5,8,210,109,75,240,124,3,75,152,124,204,0,0,96,79,255,255,255,12,16,252,15,2,0,75,4,8,1,248,255,115,23,33,0,222,221,133,32,244,202,123,28,6,196,129,28,232,193,255,1,0,0,65,254,63
48,22,6,0,206,9,48,208,123,206,228,121,62,1,153,112,128,0,0,64,12,239,121,206,24,17,48,62,79,0,60,0,128,59,251,255,119,6,49,204,156,189,207,32,230,15,24,224,223,206,203,28,240,237,183,1,0,0,228,13,62
8,6,54,24,134,0,101,1,160,7,239,3,0,32,221,222,239,179,59,36,2,119,185,3,0,24,124,14,0,144,252,66,180,16,17,0,255,15,0,68,239,239,247,129,175,103,12,0,3,248,233,158,254,116,0,0,164,19,254,15,15
37,22,116,2,238,9,56,130,109,11,112,92,15,1,208,252,248,17,34,64,4,255,254,231,159,1,24,30,67,128,127,164,4,0,248,255,119,151,50,0,220,221,1,50,240,195,127,252,31,247,128,15,72,128,1,3,0,128,225,255,63
229,19,106,62,137,25,184,254,31,249,31,12,3,65,220,126,155,217,102,252,206,0,64,132,153,35,32,156,231,0,191,213,255,255,143,184,8,211,127,121,255,131,252,255,187,97,31,216,7,252,192,15,40,128,1,1,0,220,115,238,63
67,168,252,124,0,34,193,103,16,156,72,23,8,30,48,161,123,226,255,216,19,0,32,136,39,0,64,36,136,17,160,3,241,75,4,128,0,8,196,16,33,254,18,199,136,53,32,0,155,112,27,183,177,9,38,76,252,0,128,19,32
24,22,54,16,254,0,10,192,127,3,118,220,3,66,240,126,236,8,0,240,103,255,191,163,8,16,156,141,2,240,11,4,192,153,59,115,50,149,57,0,254,255,35,8,247,200,63,255,7,215,192,15,44,128,129,1,0,224,255,255,31
8,14,6,0,158,2,1,193,190,6,143,3,164,97,253,94,38,2,1,48,19,255,19,8,0,76,124,32,8,17,64,247,159,8,184,255,153,12,0,147,255,7,0,228,15,62,0,0,14,232,249,30,254,254,3,0,0,0,254,255,31
207,161,185,255,129,46,199,255,2,16,141,145,251,127,238,7,85,246,255,255,255,0,240,127,101,207,203,102,217,255,240,255,95,85,168,106,0,240,119,21,174,3,212,128,14,7,12,143,203,251,253,151,63,60,32,192,228,243,254,127,0
53,29,124,63,9,17,184,215,15,66,164,64,36,136,23,192,255,249,127,254,206,200,80,6,25,58,32,156,135,0,94,171,202,32,90,87,65,4,162,255,84,221,137,42,112,202,31,226,7,240,0,15,48,0,0,0,0,120,254,51,0
32,30,2,0,10,16,32,208,219,218,164,61,22,128,0,116,0,0,0,208,0,127,64,128,3,2,0,0,0,0,24,0,192,82,91,255,165,36,160,255,1,252,215,160,70,207,255,243,180,0,0,0,0,0,45,126,64,44,10,17,56
127,25,250,255,43,209,216,118,19,248,201,95,141,2,80,26,48,237,255,255,255,158,246,255,211,166,37,0,246,6,143,85,117,119,173,170,0,112,87,81,171,162,252,213,10,231,127,237,79,123,65,22,180,160,128,0,37,129,180,79,15
32,237,3,0,18,176,101,22,203,90,164,193,233,123,247,74,2,0,0,48,0,23,1,0,0,64,100,35,238,157,248,175,89,97,42,76,194,52,102,152,48,119,155,127,64,30,0,77,200,251,249,128,134,252,242,229,231,243,254,111,3
67,13,220,110,81,251,165,100,146,180,15,7,131,114,252,223,63,95,207,253,249,24,249,252,35,71,66,32,252,191,176,191,251,239,22,8,193,12,4,153,115,51,187,255,4,158,0,40,0,2,64,28,239,248,227,199,131,225,253,255,15
192,0,240,252,158,1,192,127,130,48,7,8,4,0,102,11,254,199,255,251,127,255,67,0,1,10,0,12,0,16,192,255,15,29,160,3,62,244,63,4,14,8,4,128,87,10,28,224,7,249,0,15,112,0,0,0,0,224,62,119,3
160,247,3,0,2,0,120,63,238,119,31,64,242,253,191,180,2,160,1,16,0,71,0,0,0,0,56,223,99,192,95,126,31,216,240,251,255,223,125,247,238,239,49,140,31,0,208,31,244,135,254,239,95,127,253,251,3,254,75,248,52
240,19,114,56,142,0,240,63,89,206,240,1,0,136,25,48,206,161,127,244,143,255,8,0,24,48,60,30,6,0,254,251,255,188,147,71,121,4,128,255,223,31,5,0,244,10,8,0,7,224,0,14,112,196,0,0,0,16,205,13,60
1,178,12,4,0,51,193,133,162,0,3,128,78,81,234,247,1,96,0,8,0,0,0,128,1,2,0,228,152,127,192,58,11,8,144,73,159,133,164,179,38,37,1,172,69,10,37,240,159,109,179,0,184,89,2,5,206,2,89,251,53
161,2,110,4,128,21,24,193,62,1,63,136,199,241,255,199,223,41,5,0,0,10,112,39,1,50,0,252,135,0,79,50,130,140,152,23,121,193,0,239,223,7,0,8,241,32,20,226,239,255,240,10,119,56,0,194,65,232,127,255,8
65,233,9,4,0,160,229,165,160,0,15,3,26,199,136,191,1,96,0,8,0,0,112,72,1,67,2,32,73,251,244,63,170,14,18,64,29,4,160,131,6,5,129,238,93,26,224,16,56,132,143,248,217,95,63,255,62,10,66,128,52
96,141,7,0,66,160,117,22,203,218,164,1,64,216,187,229,46,130,0,80,17,87,13,128,34,0,84,3,110,221,248,223,13,36,179,110,235,86,55,221,186,1,221,55,100,15,0,0,0,0,156,209,11,222,122,245,254,123,223,0,48
165,86,110,6,128,13,120,159,224,7,50,192,247,249,255,231,157,113,102,0,0,0,112,231,25,0,48,220,103,0,127,102,29,24,241,239,255,142,17,70,190,191,71,144,110,7,29,95,199,255,254,14,127,253,64,0,128,255,253,255,39
26,253,151,203,115,234,247,62,192,255,9,215,163,123,255,158,42,254,219,87,241,183,175,216,226,197,238,99,253,255,244,54,63,65,4,8,255,223,124,16,247,231,147,255,15,191,127,255,255,23,72,179,15,36,244,239,239,247,165,15,31
1,92,7,0,0,48,65,20,202,90,133,157,199,113,238,191,0,32,0,0,0,0,112,128,1,2,0,160,168,127,72,0,1,64,240,88,223,55,132,16,32,96,241,190,7,200,127,250,143,254,209,1,13,104,160,67,67,163,105,253,62
7,0,252,255,157,23,64,0,96,0,80,2,0,0,226,199,255,255,255,255,255,238,243,255,29,0,0,252,3,0,224,72,0,0,64,0,55,53,137,4,0,92,39,0,245,24,0,0,0,64,0,15,113,136,1,0,0,32,248,255,56
10,176,144,216,54,34,195,203,69,41,114,180,74,87,162,39,32,134,154,113,55,119,167,153,110,204,220,97,24,115,192,175,234,169,42,81,2,145,40,32,84,93,161,42,245,24,72,226,155,117,178,55,43,137,100,65,236,102,137,191,48
90,253,131,207,113,238,247,62,193,255,128,221,131,32,253,26,0,254,203,127,249,21,175,248,226,193,231,227,255,255,158,133,111,251,39,8,194,180,127,16,240,255,255,255,4,203,97,127,64,11,8,128,128,255,254,253,255,215,180,15,7
33,127,12,0,0,17,24,44,246,189,91,223,199,113,255,207,9,32,0,0,0,4,48,128,0,0,0,16,244,14,135,136,55,227,69,188,207,59,222,120,241,242,126,223,138,245,31,255,199,7,112,0,31,120,224,227,195,243,253,255,3
64,253,7,0,0,224,55,20,138,222,173,57,28,128,0,192,0,32,0,0,0,0,0,0,33,67,3,160,105,221,56,24,13,70,195,104,140,118,180,209,0,1,213,181,110,143,225,227,252,12,31,240,128,15,255,255,127,28,2,0,48
222,121,154,253,34,112,203,23,73,90,164,125,4,0,16,32,32,234,255,255,255,150,181,172,178,68,101,1,190,85,138,175,239,235,3,4,64,178,54,72,176,252,89,62,32,195,231,235,248,0,0,64,0,7,190,254,253,29,6,0,8
7,130,252,71,128,111,7,0,224,107,182,0,64,82,242,231,255,127,166,203,112,0,240,255,233,64,192,253,59,247,8,0,32,145,32,16,183,21,45,0,108,109,183,136,31,24,0,96,128,8,16,0,1,57,228,252,255,231,153,255,0
32,198,3,0,128,0,56,208,255,67,180,0,32,8,255,64,4,0,1,32,0,7,48,0,0,0,0,152,103,0,63,64,136,48,51,118,231,7,51,236,248,249,253,33,118,75,0,0,0,200,255,220,243,255,255,33,228,16,190,3,0
0,56,0,0,0,16,0,2,209,156,64,155,94,65,170,53,0,0,0,16,0,27,0,0,1,6,0,0,10,49,0,0,224,127,124,142,37,32,129,28,1,60,30,1,0,116,0,16,0,12,129,16,248,251,111,79,14,2,65,249,52
24,18,130,221,54,102,203,27,73,106,240,252,141,0,116,10,8,200,239,251,255,223,247,186,192,0,196,193,126,119,139,207,237,115,35,34,34,50,19,64,152,188,221,16,98,131,239,237,251,127,45,2,16,4,0,160,252,83,182,2,3
192,25,2,0,0,244,159,94,143,123,135,12,133,160,238,15,0,0,0,56,0,2,16,0,0,2,0,224,253,255,143,223,239,247,155,44,64,66,150,89,178,144,252,63,34,193,65,104,16,10,64,0,4,161,205,26,25,221,32,100,15
229,115,40,148,129,15,255,191,224,7,91,254,6,0,17,32,0,224,247,239,102,4,112,255,9,0,0,252,19,240,199,255,63,223,7,18,255,255,127,36,76,238,39,128,159,248,229,97,121,0,0,16,144,71,30,60,62,2,132,0,52
55,254,137,199,241,238,55,193,56,6,252,215,227,123,255,138,13,254,131,111,240,2,63,120,224,193,227,243,255,255,188,2,225,251,23,0,163,14,0,148,248,255,255,133,14,223,255,31,0,248,255,255,255,255,247,5,164,1,252,15,11
160,226,3,0,0,204,30,92,143,123,183,168,86,213,174,103,0,0,0,0,0,0,0,0,129,2,1,204,113,254,31,0,140,158,251,127,61,231,184,255,198,197,193,56,119,3,195,251,244,158,222,224,9,79,253,251,123,255,11,145,56
11,76,131,92,87,34,229,253,178,148,143,3,138,103,204,62,127,246,159,255,243,22,185,72,0,0,204,34,72,255,240,111,251,209,30,136,129,0,0,180,105,255,183,237,15,62,48,16,12,228,199,255,253,227,135,15,6,2,65,204,62
231,225,253,247,241,239,247,63,224,159,201,159,199,113,254,143,31,254,255,255,240,15,127,248,225,195,195,255,123,255,245,255,63,1,32,0,254,255,127,0,8,232,247,129,143,244,255,255,251,127,255,179,22,0,0,236,255,19,132,15,11
161,70,15,0,0,80,24,12,207,123,23,128,199,113,254,255,1,0,0,0,0,0,16,0,0,0,0,192,245,238,15,0,5,192,241,125,223,7,30,123,246,240,120,190,35,1,22,186,135,183,208,15,15,104,160,195,67,239,121,255,62
184,199,135,195,115,254,95,29,170,87,143,128,245,241,239,199,151,190,128,23,240,11,15,120,224,255,195,251,127,255,79,112,7,4,208,255,255,207,189,255,239,1,84,132,15,1,128,225,249,47,60,192,16,94,24,254,255,255,127,0,32
193,9,124,44,0,17,224,61,162,20,143,31,2,0,128,191,127,224,255,140,0,8,240,1,1,6,0,0,0,0,244,255,191,78,132,0,191,79,132,247,39,2,16,196,15,255,231,254,0,0,0,1,0,0,0,254,223,231,121,255,60
33,236,13,4,128,255,127,20,200,122,165,128,195,241,239,231,17,96,0,8,0,0,112,232,1,2,0,252,127,255,252,82,137,16,18,66,175,5,1,181,106,9,253,129,79,10,160,22,232,141,189,216,251,127,251,255,247,106,127,178,33
231,201,251,255,113,238,255,63,64,255,240,253,199,241,255,7,16,254,255,223,240,13,111,248,235,195,195,235,127,255,223,255,255,255,7,0,166,242,255,0,0,252,255,149,2,199,255,255,255,127,255,135,23,0,0,0,252,255,253,15,0
193,224,13,4,128,7,203,63,224,49,19,158,4,0,226,135,17,224,183,11,0,0,96,145,237,2,0,236,16,114,193,253,31,5,160,0,58,243,127,0,254,2,68,16,187,225,1,102,128,9,32,0,144,127,110,253,255,107,26,179,33
96,233,9,204,1,232,247,126,23,248,80,3,225,122,247,11,1,224,207,63,161,0,144,64,0,132,166,3,254,175,183,151,254,189,135,4,73,73,66,105,255,3,236,123,240,116,0,15,64,123,127,148,167,189,246,224,253,243,188,39,3
193,1,8,28,0,0,224,255,16,128,236,119,0,14,0,32,13,224,31,120,0,0,48,128,0,0,12,4,0,0,224,255,127,8,4,0,0,176,237,34,69,110,3,200,221,252,255,35,0,0,0,143,17,0,0,0,64,48,140,17,32
193,113,40,60,128,0,192,63,0,144,11,255,11,2,0,55,1,224,63,232,3,0,240,131,7,10,8,4,0,0,224,255,255,207,7,0,26,240,108,1,102,3,0,252,223,252,239,255,251,7,0,0,16,0,0,12,254,7,128,206,63
32,239,15,0,0,252,30,0,203,250,164,212,235,127,255,195,1,96,0,8,0,0,160,244,210,165,167,147,252,79,15,160,37,105,33,45,210,246,118,90,182,181,65,126,34,199,195,159,240,22,222,225,13,169,255,255,251,255,1,221,26
33,64,15,4,128,17,120,149,232,66,165,129,195,113,255,231,29,96,0,8,0,0,112,128,1,2,0,188,165,76,222,222,141,64,17,40,255,6,20,84,170,169,221,148,38,135,1,126,129,15,240,0,63,120,224,193,195,227,121,255,60
31,13,255,223,119,170,119,52,154,222,205,31,139,34,208,222,255,255,255,111,215,54,253,251,166,77,95,3,72,253,248,12,57,65,6,200,206,126,118,144,33,179,219,255,14,255,99,169,72,2,64,145,132,32,150,45,175,131,164,79,31
67,237,11,110,65,248,245,255,138,82,173,221,239,123,240,11,0,80,74,236,249,16,248,252,243,37,38,2,253,143,180,175,249,239,127,205,64,36,166,152,16,245,155,127,68,30,175,255,255,127,253,211,158,52,0,180,247,211,254,6,7
128,50,0,16,132,0,192,47,96,41,80,222,2,16,187,33,0,224,55,80,0,5,0,128,0,0,0,12,0,0,193,255,55,25,32,1,183,179,29,0,204,252,0,128,51,225,255,63,3,96,0,7,51,136,0,0,236,112,156,51,32
218,89,146,255,127,254,135,252,31,248,31,186,223,115,236,63,0,30,137,255,255,155,223,120,226,239,199,227,253,255,7,223,223,247,255,254,0,64,136,253,115,65,252,127,81,24,255,255,255,255,255,255,127,128,0,0,0,192,123,254,31
63,14,252,251,255,187,53,160,182,133,95,3,64,26,243,225,255,63,255,231,255,255,255,127,52,239,110,54,205,139,52,0,144,201,54,219,179,29,100,128,111,111,147,237,205,62,0,160,197,160,16,139,81,12,32,98,64,176,172,21,24
32,127,3,0,206,153,112,50,249,206,228,105,54,193,153,124,0,0,0,0,0,255,13,0,17,34,32,184,239,0,124,200,28,50,71,230,247,47,243,204,25,254,207,3,224,191,241,112,60,140,135,120,200,231,255,255,31,14,2,192,63
152,86,3,129,127,204,31,173,246,7,27,254,251,127,252,62,0,0,0,1,32,119,190,113,196,141,255,199,113,238,7,182,131,237,176,189,223,143,8,50,246,103,0,254,17,32,94,158,159,247,255,255,127,240,129,3,2,230,249,255,63
192,240,0,4,128,1,192,159,101,3,50,252,1,50,114,3,0,64,1,104,0,2,112,0,0,0,0,28,2,0,129,106,224,255,7,0,53,33,128,254,0,252,1,0,119,200,255,111,203,3,0,0,176,61,96,228,253,241,188,119,0
33,194,255,3,128,77,94,1,160,7,95,30,139,99,236,255,255,127,6,0,0,0,112,243,133,1,0,204,97,238,127,55,6,0,248,255,27,211,0,0,214,3,0,126,243,160,166,188,253,7,0,251,31,2,0,254,247,203,127,224,15
191,242,173,211,245,238,79,27,96,3,54,232,247,249,255,231,222,62,131,7,240,239,63,248,224,193,219,255,123,255,202,106,2,10,64,17,119,167,137,238,4,252,3,8,247,136,255,255,255,255,255,158,255,125,0,36,228,3,252,15,48
160,118,0,0,140,17,56,192,31,16,143,72,100,136,127,64,0,0,0,184,12,203,0,0,0,58,0,156,135,0,63,0,192,221,255,255,0,208,61,149,254,11,212,128,79,75,1,64,0,200,49,0,240,255,255,1,4,0,122,247,1
32,126,4,0,140,17,184,200,31,32,18,252,255,1,240,79,0,0,0,0,0,142,112,135,17,2,0,28,135,0,55,5,64,1,248,255,2,208,111,0,254,3,188,111,209,184,255,255,255,255,255,8,240,176,1,2,0,192,120,255,3
37,18,236,7,128,15,24,192,119,41,80,150,3,114,252,255,253,95,6,200,0,4,240,255,1,0,0,220,133,0,79,37,3,9,40,27,146,209,61,0,254,109,0,140,23,192,43,30,0,12,192,0,44,224,231,1,207,227,249,255,62
32,118,4,0,140,17,56,200,223,57,18,120,255,1,213,218,0,0,0,0,0,207,112,134,17,0,32,28,135,0,63,0,2,132,248,255,40,81,13,53,254,67,124,137,19,32,0,64,6,200,227,8,240,255,255,3,0,64,176,238,7
161,134,143,135,1,255,223,63,224,115,23,132,195,241,255,183,31,254,135,207,224,0,102,240,225,131,131,251,255,255,207,255,31,0,32,57,186,243,127,0,254,236,48,156,19,192,159,30,128,52,240,3,31,88,32,195,195,255,123,255,48
33,178,12,5,128,95,26,192,105,66,164,253,195,176,119,195,29,104,1,8,0,0,112,127,0,0,0,252,127,221,26,0,196,49,189,166,35,10,17,68,154,154,94,17,170,231,255,15,232,0,29,222,243,191,123,118,116,32,62,17,0
64,233,3,0,2,224,135,116,158,248,143,129,251,255,239,63,0,0,0,16,0,1,0,0,2,206,199,0,24,255,0,25,221,70,223,250,0,96,244,253,3,0,252,253,207,63,192,17,244,151,255,255,207,255,255,255,251,255,3,128,53
33,238,143,199,241,255,63,64,151,253,75,3,247,253,255,255,31,127,128,7,240,0,79,120,225,195,195,255,255,255,55,0,192,254,223,255,189,73,197,255,111,34,22,197,9,60,224,81,120,14,207,240,140,127,255,255,255,15,2,0,63
192,237,3,0,0,238,199,62,207,255,183,248,255,253,111,15,0,0,0,0,0,1,0,128,227,199,199,3,248,255,128,157,127,239,71,0,206,255,255,248,1,240,251,255,15,15,225,95,248,31,255,240,143,255,254,253,255,31,134,0,8
225,231,143,199,241,255,255,63,246,247,15,3,208,245,207,255,31,254,135,15,224,0,78,120,225,195,195,255,127,255,255,255,31,0,192,171,190,251,255,119,175,42,22,197,143,117,224,1,120,0,207,240,205,127,255,255,255,15,2,0,62
37,236,239,3,128,191,33,64,73,90,164,252,107,26,243,225,157,107,0,0,0,0,240,254,176,64,97,249,255,85,24,0,0,177,42,86,98,245,111,0,122,121,189,0,84,218,255,191,232,21,189,209,139,30,254,253,255,27,94,0,32
192,253,3,0,0,240,71,62,210,255,79,131,223,115,238,63,0,0,0,16,0,1,0,0,0,70,4,0,248,255,128,16,48,231,7,0,222,255,255,249,131,2,250,255,175,55,120,222,255,255,255,255,239,251,239,203,3,231,97,255,63
0,255,1,0,0,238,199,126,207,251,176,252,255,113,254,15,0,0,0,0,0,1,0,128,1,0,0,224,123,255,72,223,31,0,248,254,238,119,191,128,0,241,253,63,117,138,255,255,255,255,255,254,255,255,247,192,197,225,188,127,3
30,238,247,219,127,238,39,192,191,7,239,7,0,104,253,126,254,159,219,247,255,255,191,125,32,193,255,227,249,255,56,34,193,201,63,249,147,140,4,18,229,255,19,254,15,255,178,21,0,0,36,217,207,214,255,255,151,72,126,34,39
225,23,2,4,128,1,248,59,117,239,114,14,135,0,221,30,0,32,6,192,0,13,96,128,17,0,0,28,133,0,191,237,127,251,71,16,182,191,255,32,64,252,39,137,223,56,31,236,7,251,96,15,118,160,0,0,0,244,253,111,15
30,6,179,251,127,234,39,192,63,0,127,3,163,123,255,94,238,159,251,119,255,255,159,121,32,253,255,227,121,255,60,2,224,60,159,231,17,10,0,239,255,151,66,115,250,55,46,157,79,255,233,159,62,164,144,0,164,147,253,15,31
64,240,3,0,112,238,167,237,31,148,75,159,131,113,254,63,0,0,0,48,176,7,11,0,0,192,194,227,121,255,116,87,213,84,253,255,0,64,84,85,255,3,244,213,175,247,255,63,223,7,201,190,255,255,210,37,239,3,244,207,63
32,13,4,0,0,16,48,52,218,222,237,139,68,16,119,195,0,32,0,0,0,9,0,0,1,2,0,0,132,0,124,204,25,64,226,206,255,125,103,144,33,59,191,229,76,94,18,134,4,152,48,9,67,128,105,211,2,124,91,187,32
224,19,2,12,0,16,248,127,93,255,114,10,150,129,204,62,0,128,4,144,0,9,64,128,1,2,0,8,2,0,191,248,63,254,199,178,252,239,255,255,65,192,252,217,191,32,13,232,7,126,192,4,48,224,0,0,0,223,245,238,31
192,50,0,0,0,84,202,63,76,107,118,140,199,241,239,7,0,32,1,0,0,11,16,0,0,2,0,240,190,119,203,255,255,215,209,50,45,3,153,117,202,200,124,152,51,224,31,222,135,255,240,8,95,120,225,195,195,255,123,255,0
224,15,2,0,10,16,56,253,191,183,31,2,52,140,29,56,2,192,0,152,8,1,0,0,17,62,0,16,134,0,31,185,94,174,223,253,88,233,254,255,87,86,40,126,240,56,16,128,36,152,164,73,64,0,205,155,3,220,115,224,39
192,15,2,0,2,16,184,253,190,119,31,64,32,136,17,24,2,128,0,16,0,1,0,0,0,46,36,16,132,0,94,179,95,108,248,253,80,192,62,251,247,23,0,126,0,10,128,192,96,248,14,193,0,6,29,58,56,92,6,0,7
8,8,0,8,22,32,65,33,224,4,201,7,0,0,186,37,2,128,139,112,17,55,1,0,34,68,76,0,8,51,128,42,225,234,84,9,213,9,128,58,33,124,19,238,1,120,0,2,0,56,24,0,17,12,32,98,96,56,158,17,32
32,28,6,0,0,16,56,80,89,202,228,69,0,8,209,216,4,0,0,0,0,6,48,0,0,0,36,16,134,0,127,199,28,32,249,230,64,18,50,72,154,155,255,51,240,199,62,41,69,0,0,159,84,36,17,34,33,144,254,14,31
101,237,111,7,129,223,254,119,26,210,237,129,195,113,255,223,29,125,7,142,128,0,112,246,129,3,2,252,255,238,255,255,29,0,41,42,162,114,119,64,168,184,223,145,34,199,44,31,192,99,249,150,191,254,242,229,247,243,255,15,3
160,22,2,0,142,0,56,58,253,239,244,12,6,129,191,52,0,0,0,112,0,79,0,0,0,0,0,8,6,0,159,64,164,253,7,34,255,31,29,100,254,255,247,144,63,1,9,88,2,206,192,0,240,229,129,1,0,147,229,205,62
72,249,1,64,118,102,135,229,151,148,11,255,3,83,232,55,0,128,128,48,48,55,15,8,96,192,220,99,56,255,64,119,85,77,253,191,136,208,84,81,255,2,80,213,11,245,241,63,56,4,135,112,234,255,255,255,223,6,1,248,53
224,87,3,0,0,16,184,94,207,123,183,136,199,241,255,31,0,0,0,24,0,1,0,128,0,0,0,128,231,204,255,221,111,119,235,110,194,246,63,216,178,177,253,54,102,3,0,252,135,231,240,14,127,248,225,193,195,255,255,255,31
224,19,2,0,0,16,184,213,186,82,175,1,54,193,137,60,0,0,0,48,0,3,16,0,0,42,0,28,132,0,63,179,221,108,159,239,25,70,144,223,191,131,64,118,238,7,16,0,5,174,192,10,124,96,1,2,3,128,103,204,63
160,22,38,0,132,1,24,153,239,99,55,12,4,128,153,248,12,32,3,0,0,15,112,0,0,0,0,156,39,64,95,118,7,144,241,191,255,223,29,119,254,238,116,152,59,161,1,96,96,8,0,0,16,6,24,50,48,252,127,0,37
136,2,3,0,62,0,139,219,45,33,54,64,161,237,221,24,0,128,0,112,2,119,7,0,0,0,252,15,0,112,65,167,78,136,248,255,0,128,42,234,222,221,1,58,241,136,20,173,71,167,104,223,127,116,65,162,1,248,255,46,7
32,29,0,0,128,0,176,240,27,214,237,15,0,0,17,32,0,0,0,32,0,7,48,0,0,0,0,0,0,0,60,20,88,117,191,239,202,94,119,129,191,3,221,247,206,95,16,0,0,192,13,220,224,134,59,2,0,16,206,0,48
64,93,3,0,0,16,96,54,219,222,173,133,195,113,254,63,0,0,0,16,0,3,0,0,0,4,4,0,236,157,56,128,249,119,215,236,205,110,230,217,51,51,223,247,76,95,24,30,0,199,240,30,255,248,227,195,195,227,255,255,63
37,0,108,38,128,25,120,0,224,134,200,131,194,241,239,231,223,127,103,136,0,0,112,134,25,2,0,252,7,0,56,0,160,127,5,0,255,186,85,6,13,174,6,128,138,55,0,190,133,7,240,11,95,120,225,195,195,227,121,255,33
1,226,175,0,128,38,7,129,96,4,120,131,195,123,254,255,31,102,0,0,0,0,48,24,0,0,192,236,25,247,0,34,128,8,16,1,119,9,0,6,12,254,3,0,248,116,14,158,131,119,241,159,15,120,224,193,231,227,253,255,63
0,29,4,0,2,0,32,32,219,222,200,3,0,24,51,224,4,0,0,0,0,7,16,0,0,0,20,0,2,0,48,0,8,81,38,202,235,28,101,128,123,59,191,225,204,30,0,0,0,192,0,12,97,136,33,0,0,32,201,153,48
0,242,0,64,50,102,3,136,237,47,50,140,199,113,238,7,0,0,0,240,48,15,7,8,96,192,192,224,56,255,0,38,162,251,115,117,255,151,8,34,84,253,1,58,113,8,1,126,151,15,240,0,253,251,229,195,195,239,121,255,56
0,13,4,0,0,48,224,54,218,222,205,155,205,48,246,75,0,0,0,0,0,7,0,128,0,0,0,0,140,17,96,148,25,32,252,205,206,252,102,152,51,51,155,103,136,190,33,106,136,3,64,0,132,60,242,230,229,161,252,127,10
26,166,148,72,126,34,3,8,100,99,118,84,40,126,49,0,36,166,187,35,49,247,191,57,34,204,252,3,24,119,0,0,194,169,58,125,83,149,42,32,252,253,163,62,85,72,250,134,28,240,191,255,79,128,127,30,0,4,0,48,33
37,13,124,38,128,153,56,224,123,198,236,131,193,120,255,203,255,113,68,140,136,0,112,199,17,35,34,28,199,8,126,178,24,0,190,213,91,12,98,139,95,23,139,107,220,126,26,14,128,211,112,15,111,184,225,194,193,241,253,255,10
0,141,4,0,0,32,65,34,208,188,72,131,64,16,50,193,0,0,0,0,0,5,0,128,2,0,4,0,8,17,96,140,17,2,100,140,239,124,231,24,1,58,159,231,136,62,0,162,192,0,16,161,1,8,52,238,105,52,140,23,0
33,237,205,7,128,255,48,133,162,16,141,131,197,49,254,207,31,127,70,140,0,8,112,252,17,3,0,252,253,143,126,191,9,64,248,253,223,68,132,155,34,33,152,254,4,30,112,14,188,179,255,251,207,59,255,254,207,193,56,119,11
128,118,0,8,14,0,0,128,255,39,18,12,4,128,255,79,2,128,0,240,15,255,0,0,0,0,12,0,0,0,1,0,160,255,183,63,255,15,0,127,254,227,120,158,3,224,1,124,0,11,96,0,224,248,243,195,195,227,253,255,15
0,252,5,0,48,230,7,0,195,255,129,136,199,241,238,231,2,6,0,0,0,7,7,8,224,192,193,225,121,255,64,64,0,0,96,10,239,63,149,4,8,168,252,129,6,7,1,94,132,255,246,0,79,248,237,195,195,255,123,255,32
64,13,0,4,0,48,65,36,210,156,73,3,68,0,34,1,2,224,4,16,0,1,0,0,3,70,0,0,136,17,160,136,112,98,68,132,196,40,198,25,1,50,62,71,136,116,0,2,128,24,16,1,1,8,97,202,64,108,24,51,0
37,253,77,39,129,223,60,64,154,222,173,205,199,113,255,207,29,123,70,140,128,8,112,255,17,35,2,252,255,141,62,0,224,119,191,238,235,14,114,221,187,147,223,119,224,207,33,95,136,15,241,0,191,252,242,229,247,227,255,255,1
0,14,20,8,126,0,0,168,255,167,91,15,4,0,119,64,14,128,1,112,7,255,31,0,0,0,60,4,0,0,53,2,144,0,244,255,255,15,64,216,255,179,255,255,204,63,0,64,0,200,8,0,112,132,17,0,0,24,134,0,1
64,237,1,0,0,179,225,100,146,188,73,147,235,123,254,31,0,0,0,0,0,0,64,0,33,66,0,96,220,191,32,25,81,102,252,204,128,120,198,25,33,34,254,255,8,62,96,254,252,151,251,249,207,121,255,255,207,231,129,255,39
64,29,2,0,0,17,176,118,155,222,205,11,4,0,16,48,0,0,0,0,0,0,0,0,3,38,0,0,132,0,52,145,89,102,206,204,200,124,231,153,51,35,157,231,76,30,1,64,0,136,0,0,64,128,63,11,2,12,65,152,60
75,136,157,77,16,114,3,4,194,248,129,0,195,113,254,223,63,238,137,25,49,16,129,8,98,198,197,32,252,255,192,128,32,32,0,0,196,112,174,153,48,48,252,63,0,10,2,220,0,31,225,1,14,240,230,205,207,195,121,255,55
96,253,1,4,0,145,240,54,219,222,205,195,229,121,255,3,0,96,0,8,0,0,0,0,1,34,0,16,199,8,188,153,121,102,134,204,204,108,230,157,51,51,157,103,68,31,0,95,192,207,248,128,127,252,241,225,227,243,255,127,1
64,13,0,0,2,48,160,100,146,156,73,11,4,0,48,32,2,160,1,48,0,19,0,0,0,6,4,0,136,17,96,19,81,68,252,141,128,72,68,17,35,34,26,207,8,252,3,64,0,8,0,0,0,0,0,6,4,0,30,51,32
39,0,124,5,128,5,24,128,44,3,55,252,11,78,16,248,253,109,119,104,2,0,240,127,0,8,40,28,128,0,15,2,160,173,50,5,91,5,0,0,214,21,9,58,112,202,255,27,8,144,7,123,128,0,15,30,28,0,0,0,62
97,93,15,4,128,153,48,52,154,214,237,129,68,209,191,229,17,96,0,8,0,0,80,0,1,2,0,24,199,8,62,0,57,117,134,206,238,124,103,157,59,35,223,231,204,31,0,98,128,12,144,0,121,126,249,243,227,250,255,187,48
39,6,254,19,204,9,60,129,96,7,244,0,10,67,136,244,255,127,127,70,6,110,248,255,12,0,24,158,3,128,254,102,154,1,48,67,51,15,0,0,204,223,135,0,255,26,7,208,1,124,159,1,0,0,0,1,126,62,199,136,60
1,141,12,4,0,48,1,32,210,156,73,3,201,115,254,207,63,98,0,8,0,0,96,128,3,2,0,0,156,19,32,0,16,64,68,140,197,40,198,24,33,50,126,223,136,53,0,4,0,19,225,17,15,240,227,199,199,195,249,255,7
53,6,127,18,198,8,52,128,120,70,252,1,0,73,153,252,255,59,115,100,134,230,248,71,0,1,58,30,65,136,62,0,0,1,50,211,255,159,97,0,252,255,131,32,255,30,0,32,0,4,128,131,24,68,16,35,34,178,239,141,60
67,136,220,4,0,48,193,36,146,180,75,3,136,34,228,207,127,230,143,8,0,0,192,0,3,6,4,0,136,51,192,191,19,64,0,8,136,104,204,51,35,34,48,223,9,116,0,0,0,0,64,1,4,32,194,206,207,195,184,255,11
0,13,0,0,2,0,1,36,146,148,73,7,0,0,48,193,2,0,0,16,0,3,0,0,0,4,68,0,136,51,128,16,177,69,132,136,223,88,68,17,55,34,26,223,136,244,1,0,0,0,0,0,0,0,54,126,124,4,128,17,0
75,13,252,126,30,48,96,36,146,222,205,15,4,0,112,195,255,243,255,244,31,255,129,140,63,102,100,0,140,17,248,20,57,69,6,72,206,124,103,144,35,35,159,231,76,223,31,230,7,177,32,11,2,0,0,130,128,96,126,179,33
161,15,78,4,128,25,56,181,250,198,237,1,4,128,221,252,31,97,70,128,0,8,112,132,17,34,0,156,199,8,127,196,29,0,245,239,255,190,119,220,189,191,223,245,238,39,0,0,0,8,0,0,112,111,1,3,3,188,239,205,62
56,31,2,58,127,152,52,161,255,135,237,79,36,136,187,112,6,145,65,116,143,255,31,68,16,36,62,18,197,8,60,34,152,251,118,223,255,15,224,186,117,127,131,239,204,30,16,1,70,224,8,223,121,204,17,34,0,56,255,9,56
71,9,255,255,129,1,96,42,192,253,90,3,8,99,200,191,255,255,255,239,3,8,240,153,7,6,0,0,0,179,224,206,63,3,4,0,255,63,255,0,1,252,255,239,221,60,0,128,3,252,231,55,28,64,0,1,142,131,97,254,63
37,82,254,1,132,5,10,128,104,67,180,252,3,65,232,247,253,47,2,66,0,102,244,191,128,0,24,253,34,100,11,0,128,9,51,99,127,7,0,0,140,221,129,48,119,203,255,255,160,20,0,65,8,0,40,87,86,42,75,208,60
37,114,36,16,236,15,94,155,97,3,176,252,3,64,170,53,136,32,51,102,196,110,254,255,8,0,24,255,99,224,159,110,174,155,115,99,119,7,0,134,140,253,133,0,119,203,125,63,0,0,0,0,240,255,55,77,78,2,200,159,60
67,8,252,124,0,48,193,47,128,184,11,7,0,0,96,139,255,231,255,249,51,8,240,153,39,6,0,0,128,51,192,255,19,0,0,0,132,112,204,49,1,96,58,207,9,240,3,8,0,0,64,0,4,32,130,140,205,129,32,119,11
1,140,252,4,128,1,32,32,48,132,200,3,64,18,114,193,255,99,7,8,0,0,240,8,0,0,0,32,142,17,32,0,144,0,20,128,69,8,192,24,17,62,26,71,136,62,2,128,0,48,16,19,1,0,32,196,228,32,156,51,0
67,8,252,125,128,51,192,39,0,148,73,3,0,2,96,203,255,231,255,201,17,0,240,143,35,2,0,32,140,17,192,255,19,0,40,128,0,24,68,0,35,34,18,207,136,52,0,0,0,16,0,19,0,0,2,206,141,0,16,119,1
33,6,252,3,128,1,72,0,0,0,232,3,196,32,246,207,255,255,103,0,0,12,112,132,1,2,0,24,134,0,74,87,21,0,184,255,171,26,21,0,254,171,84,129,15,39,0,192,3,251,249,7,6,128,192,0,193,225,252,255,11
248,29,64,56,254,17,184,237,31,144,11,207,1,136,119,8,0,129,66,240,239,255,15,132,16,32,32,28,132,0,55,179,211,255,255,255,0,0,132,255,119,34,16,255,9,252,24,46,4,128,0,127,247,185,225,2,0,228,56,119,8
3,206,255,3,0,0,53,0,32,6,237,21,11,115,248,255,255,127,3,76,0,0,240,201,0,0,68,2,73,255,116,7,8,0,248,255,3,20,0,0,118,103,131,238,77,222,247,255,249,23,0,243,15,0,144,255,255,243,253,15,30
71,13,254,62,11,16,240,55,224,222,236,1,4,0,0,180,255,251,255,222,11,188,224,133,31,6,4,0,128,0,248,255,27,0,2,64,255,253,230,128,0,33,155,231,76,30,0,128,0,24,0,1,0,0,0,2,0,28,193,136,62
33,14,110,36,128,17,56,192,255,231,126,15,0,0,145,248,93,65,4,200,0,8,112,133,17,2,0,28,132,0,63,0,224,251,127,228,71,14,64,200,145,255,219,127,232,255,31,128,0,16,0,1,0,128,1,2,0,156,229,12,31
161,7,110,0,140,29,120,191,237,47,114,0,68,144,127,193,159,161,103,0,0,207,32,132,17,0,32,220,231,0,127,236,31,128,96,255,247,191,255,38,76,252,39,8,85,72,0,2,0,8,16,0,97,190,253,227,64,252,255,51,0
7,12,252,55,128,19,32,0,48,132,200,3,0,18,48,193,255,127,255,200,0,0,240,143,17,2,0,48,142,1,48,0,160,1,52,128,71,12,0,0,17,19,143,99,200,62,2,128,1,112,17,23,1,0,0,68,68,0,152,51,32
225,13,126,46,2,16,120,55,232,222,236,1,4,128,221,158,191,241,127,150,0,13,0,128,17,2,0,16,198,0,254,220,61,0,1,32,255,254,119,204,155,155,223,115,226,71,0,0,0,8,0,0,0,0,0,162,131,217,247,110,15
240,29,2,60,79,17,184,247,27,218,237,13,0,128,221,30,0,128,103,252,207,223,8,0,0,34,0,24,199,8,190,251,253,127,223,239,0,6,244,223,179,163,223,247,110,199,9,96,0,0,0,0,112,244,129,0,0,217,247,206,31
0,15,19,8,6,0,139,213,31,64,173,1,129,123,253,30,0,128,0,48,1,55,0,0,2,4,12,1,0,85,90,183,95,0,248,253,0,208,54,66,246,183,1,126,98,71,30,156,0,242,224,143,15,32,192,131,131,255,255,239,31
1,140,31,6,0,128,119,16,192,255,175,0,128,110,213,218,127,251,31,6,0,0,48,64,0,0,14,2,193,205,254,138,15,0,0,0,197,47,164,250,1,253,251,255,70,75,0,0,0,24,8,129,0,4,254,255,255,219,182,4,11
224,113,2,32,136,17,184,221,15,16,135,140,7,1,238,63,16,0,4,240,0,255,111,128,1,2,0,156,165,76,31,17,225,255,255,127,8,64,132,179,98,1,176,190,7,200,21,126,128,15,0,0,208,123,225,223,195,235,123,255,30
160,119,2,0,128,137,60,201,191,39,95,142,135,129,239,127,0,0,0,224,0,15,120,64,0,0,0,220,67,200,63,118,190,223,183,243,255,223,121,227,239,71,34,248,255,240,1,127,0,15,0,0,176,127,240,241,255,251,255,255,55
96,93,2,48,206,17,184,247,155,222,237,77,4,0,221,56,0,0,1,240,141,255,28,0,0,0,32,24,199,0,62,245,253,125,191,239,200,222,119,217,191,3,223,119,204,223,25,104,4,138,0,0,240,228,145,3,1,144,255,206,31
0,31,0,0,14,0,32,32,245,175,88,15,4,128,187,96,2,128,0,48,0,255,0,0,0,0,36,0,134,0,32,138,144,106,84,221,247,47,194,186,17,254,27,111,136,254,27,128,4,152,0,9,64,128,33,2,0,124,141,17,32
33,22,14,0,128,25,56,145,105,66,244,4,0,0,153,252,29,96,3,0,0,0,112,198,0,0,0,156,231,0,63,198,172,59,51,102,119,6,50,200,156,157,205,50,102,7,0,0,0,0,0,216,240,231,155,55,3,0,230,0,63
94,25,240,255,255,102,135,193,31,0,173,141,3,144,255,7,254,159,255,255,255,255,127,121,32,192,201,253,57,255,8,99,232,127,255,239,0,0,0,206,188,189,131,32,100,207,29,126,129,7,0,0,113,120,32,192,195,227,127,255,24
96,125,3,0,0,145,112,54,250,222,237,157,207,97,252,31,0,0,0,0,0,0,112,128,1,2,0,0,204,153,188,136,185,111,70,204,223,46,230,154,33,55,155,255,76,159,49,126,141,15,241,0,252,120,227,199,199,131,253,255,30
26,22,176,249,127,98,3,193,109,3,54,12,4,0,50,1,254,142,255,247,255,255,191,25,96,196,204,97,24,247,1,2,192,219,251,255,1,1,0,114,228,252,113,156,23,192,17,32,0,0,0,8,64,134,127,254,0,28,134,0,0
72,48,0,252,190,34,129,192,31,0,16,156,0,0,34,1,0,0,137,248,127,255,183,8,34,68,220,32,24,51,0,1,224,255,251,127,0,0,0,5,94,8,44,0,48,192,57,102,10,0,0,0,240,155,99,4,196,0,24,51,0
1,184,12,4,128,1,0,0,224,13,0,15,0,0,118,131,13,96,3,72,0,0,112,128,0,0,0,0,132,0,192,130,129,0,16,0,199,11,0,24,49,242,126,223,0,245,67,102,0,0,0,0,0,136,118,236,236,100,152,51,0
97,237,13,4,0,255,224,102,146,156,9,131,195,121,255,207,19,224,4,136,0,0,64,128,33,66,0,240,253,31,96,155,81,102,220,140,128,104,198,59,51,50,58,207,136,52,32,30,136,7,241,57,143,120,247,255,207,227,249,255,15
1,24,76,4,128,17,0,0,64,136,192,31,4,0,112,203,29,96,6,200,0,0,112,132,1,2,0,16,134,0,0,0,224,55,63,4,66,16,2,0,16,152,206,19,224,39,13,224,15,250,65,6,112,0,0,0,0,128,248,255,11
24,30,2,88,126,32,3,224,255,173,88,95,4,0,16,56,0,128,8,240,255,255,143,0,2,4,252,1,0,115,1,4,193,201,253,255,147,155,84,16,228,254,19,223,11,245,145,33,0,0,0,8,64,135,95,63,0,28,6,0,53
65,128,12,4,0,17,0,64,130,56,1,142,4,0,102,195,29,96,4,8,0,0,112,128,1,2,0,0,132,0,192,221,23,2,64,0,4,112,223,0,0,248,126,129,2,225,3,100,0,0,0,0,0,16,127,254,253,108,26,51,1
65,0,76,4,128,17,0,64,0,88,133,4,0,0,100,203,31,64,6,200,0,8,112,128,1,2,0,0,132,0,128,5,96,67,32,0,2,240,127,0,32,160,252,182,6,3,2,224,141,27,0,1,0,0,0,222,197,193,56,119,3
0,242,13,4,128,6,3,128,104,7,244,128,199,241,238,223,7,64,0,40,0,0,16,0,0,0,64,188,41,213,24,0,160,26,83,34,119,6,128,206,0,252,199,0,230,199,44,58,137,38,209,22,253,127,162,69,247,163,255,255,24
53,255,204,35,201,255,60,154,237,111,48,140,199,176,255,199,31,127,71,135,200,142,126,244,145,35,35,254,255,143,127,154,138,160,210,84,239,15,138,253,80,81,253,63,80,200,241,95,128,9,48,0,225,255,255,255,195,227,253,255,0
160,114,2,0,128,204,30,209,111,66,180,140,199,241,255,71,0,0,0,248,64,7,52,160,0,0,0,253,123,255,31,65,196,123,123,127,0,130,49,198,156,253,69,16,102,131,1,126,130,15,176,0,59,248,224,193,243,255,255,255,32
1,12,124,36,0,17,192,6,193,248,128,25,28,2,0,223,255,99,14,136,0,8,224,132,19,2,0,0,134,0,192,223,25,0,248,76,143,0,132,16,32,32,252,231,0,94,90,128,6,240,130,47,8,128,5,1,0,132,1,255,62
193,177,8,4,0,17,192,47,130,184,1,191,68,128,34,131,1,96,4,8,0,0,64,128,1,2,0,24,150,0,193,255,247,255,133,0,140,224,223,127,35,0,116,197,11,244,225,103,144,9,32,0,128,31,126,252,252,108,24,51,1
184,230,3,0,126,68,79,145,232,71,180,236,245,184,127,0,0,32,0,2,0,255,15,32,128,0,253,167,105,253,26,34,140,8,243,111,255,15,144,207,156,157,65,50,102,7,149,255,245,175,252,202,95,126,184,255,243,255,127,81,24
64,237,9,4,0,51,225,102,146,252,73,131,193,56,255,11,1,224,2,88,0,0,0,128,0,0,0,112,255,27,224,221,115,117,172,142,128,120,95,29,59,34,254,197,136,52,0,47,192,3,120,150,183,60,240,228,229,241,254,119,3
97,253,72,36,128,191,240,247,155,82,165,205,199,17,255,7,17,96,70,200,8,8,112,236,17,35,0,252,239,13,252,255,249,119,190,78,232,84,39,157,58,3,157,39,68,223,189,127,136,13,177,16,243,255,227,197,198,2,126,255,32
53,78,111,3,237,221,60,144,239,71,183,4,0,204,159,240,221,57,66,6,200,206,124,231,153,33,35,223,231,76,95,66,9,0,250,255,243,7,32,212,252,255,255,164,71,75,128,0,0,128,132,216,223,127,251,255,19,186,127,128,60
33,168,12,4,128,17,8,192,159,48,3,10,196,128,102,207,31,0,4,136,0,8,112,0,1,2,0,24,134,0,60,0,192,255,255,255,9,0,128,255,55,0,8,126,0,53,0,224,128,27,112,0,7,184,255,193,217,239,123,255,0
33,28,124,36,136,17,56,192,191,148,143,15,0,0,247,192,255,1,0,232,8,138,112,7,0,34,32,28,134,0,63,18,129,68,152,255,153,0,0,255,255,35,16,254,12,254,19,46,0,0,0,0,0,128,235,195,1,224,122,255,0
181,198,127,135,225,221,62,208,31,66,255,0,160,254,255,216,255,253,115,46,200,0,60,101,128,33,187,223,229,204,127,231,150,0,185,255,1,2,16,98,255,255,66,90,187,101,0,1,0,208,254,255,47,174,255,33,241,255,255,5,26
31,15,246,123,127,186,117,22,224,255,164,1,0,64,249,252,254,191,223,87,153,255,47,200,246,65,238,35,237,159,252,172,41,67,98,72,247,191,255,128,0,253,147,238,68,222,50,56,0,6,128,25,76,96,135,111,3,131,225,205,62
101,249,76,38,129,223,184,215,27,90,164,253,7,128,143,191,17,113,68,140,8,8,112,238,145,35,3,252,255,12,254,223,253,119,223,46,233,2,144,93,187,136,220,17,34,231,241,90,56,8,7,16,240,255,255,255,31,1,2,240,26
56,30,0,16,255,8,183,241,59,66,236,133,2,216,191,37,0,0,3,248,255,255,61,0,0,0,124,191,107,221,60,67,252,123,127,231,33,6,16,196,157,191,207,17,238,199,60,35,142,0,0,255,251,206,35,2,0,32,222,25,48
53,6,127,151,133,13,254,59,32,7,254,4,2,74,248,252,255,253,127,111,196,4,120,231,0,1,56,223,99,200,255,119,191,25,5,0,51,31,0,0,254,207,3,208,255,247,15,251,67,126,200,135,28,32,0,32,97,179,237,79,30
96,125,2,0,0,208,216,118,219,254,128,159,207,97,254,31,0,0,0,16,0,1,0,128,131,0,0,0,246,238,31,12,245,103,239,168,142,122,86,80,161,162,222,247,170,231,127,254,14,223,224,1,14,240,231,131,131,195,241,255,7
37,30,108,6,128,25,120,47,224,191,27,30,1,0,244,143,221,113,119,4,0,12,112,199,17,0,0,156,199,0,255,230,59,193,0,0,255,31,14,0,252,255,59,239,17,248,39,124,1,0,0,0,16,48,0,238,231,195,252,255,7
161,2,110,4,128,25,120,47,228,55,19,6,1,98,212,158,29,97,103,0,0,0,112,198,1,2,0,220,199,0,247,78,51,195,0,16,255,63,77,32,96,252,55,141,29,248,35,44,0,0,0,0,128,48,194,190,175,195,176,238,7
0,95,3,0,0,0,37,179,121,199,252,159,195,113,254,63,0,0,0,64,0,7,32,128,0,0,4,0,8,153,56,168,250,235,102,213,215,189,234,170,69,127,163,110,221,218,47,255,131,103,240,6,63,248,160,65,231,227,253,255,30
8,6,18,24,54,0,3,192,63,71,255,1,96,152,127,64,6,128,1,112,5,119,19,0,0,20,220,9,2,112,0,2,192,144,159,255,33,11,0,255,255,203,247,129,255,96,30,132,1,240,232,143,15,0,0,128,128,248,255,111,7
10,30,180,88,30,0,65,42,225,255,80,30,11,66,240,254,110,130,154,112,19,127,163,137,38,0,204,0,0,51,64,4,2,129,32,144,254,255,127,0,116,255,51,239,157,248,127,254,15,254,0,15,112,128,0,0,0,128,232,255,30
124,77,3,218,127,136,191,242,27,202,236,241,251,255,59,32,0,144,0,118,223,247,15,96,186,117,255,163,239,221,62,193,220,119,255,238,32,54,119,204,153,187,223,49,230,7,158,155,255,255,255,255,127,140,0,0,32,252,255,9,56
136,50,0,0,22,0,129,193,63,0,91,2,0,128,63,1,0,128,0,112,18,119,3,0,0,64,220,36,8,51,32,66,208,188,253,191,41,10,128,127,223,10,102,1,187,53,0,64,14,200,1,28,240,255,123,4,4,0,158,34,33
0,30,0,0,62,0,3,192,207,90,164,4,0,0,255,202,46,0,1,112,1,255,23,0,0,0,196,0,58,115,0,0,128,33,185,110,227,6,0,72,190,185,221,54,98,195,91,14,0,152,0,1,0,128,255,195,1,252,185,127,0
0,143,23,0,18,32,193,63,224,119,63,12,4,0,254,191,14,224,159,0,0,63,49,128,0,0,68,0,136,127,192,255,31,128,96,217,223,189,108,178,100,117,163,238,93,152,0,224,40,1,0,65,2,18,75,254,151,72,126,224,39
244,49,72,254,201,221,188,255,31,0,183,252,195,184,255,3,0,64,68,255,255,8,124,244,209,163,3,254,255,206,191,255,255,255,207,61,0,224,158,255,244,244,72,30,50,193,159,31,199,255,252,207,127,252,96,64,224,248,255,63,0
128,242,4,0,2,0,67,31,228,99,55,252,255,103,192,31,0,32,0,0,0,49,0,128,6,12,92,4,0,113,192,255,15,0,248,127,255,167,152,102,4,220,0,24,51,129,255,254,191,175,245,2,254,123,0,223,199,195,123,255,63
0,236,149,0,18,34,39,16,168,70,237,9,6,129,136,245,126,34,139,0,17,63,177,137,34,68,76,32,8,249,120,4,24,0,242,209,63,29,96,128,71,3,163,233,221,30,225,65,120,8,31,64,128,15,62,126,126,14,2,0,48
218,57,128,216,126,102,199,126,19,248,1,143,197,0,119,11,0,134,184,243,255,255,15,24,238,220,253,99,24,119,0,85,65,247,239,254,0,240,127,0,250,2,252,129,8,181,1,100,74,9,32,0,240,255,82,132,228,65,190,39,3
39,2,252,7,128,127,72,9,160,1,19,130,204,50,98,199,255,127,247,143,32,0,112,255,253,131,0,252,255,255,193,255,31,0,168,23,114,241,127,0,126,94,0,8,145,176,159,230,255,255,52,15,1,0,0,64,64,124,31,49,32
39,226,253,135,128,127,203,47,160,1,19,2,0,220,47,229,255,255,247,15,0,0,112,190,65,130,128,252,127,34,195,255,31,0,184,55,123,145,1,6,222,94,0,0,176,32,226,225,121,54,15,243,132,7,30,254,255,3,0,0,31
39,88,126,63,136,17,120,17,32,6,236,253,207,51,240,143,253,113,127,238,15,8,240,231,27,2,0,0,134,0,255,207,252,49,7,0,67,30,0,0,152,155,223,115,238,231,255,255,175,63,224,3,14,0,128,195,195,227,127,255,31
7,162,253,7,128,47,3,128,100,1,82,2,24,247,136,247,255,127,7,8,0,0,112,24,1,2,0,252,31,51,0,0,128,8,80,17,53,133,128,167,68,76,1,8,221,216,227,141,120,16,15,241,2,128,255,255,255,1,0,0,3
37,8,252,7,0,220,62,0,192,90,164,132,193,112,255,207,255,255,143,143,0,8,112,96,1,2,0,192,255,255,223,74,13,0,16,32,239,6,128,220,128,184,253,145,102,199,31,159,128,17,112,7,7,16,224,192,193,249,255,255,1
33,224,77,4,128,29,120,0,224,143,240,247,249,126,114,193,221,113,0,0,0,0,112,199,17,0,32,156,135,0,127,0,0,0,0,0,103,24,65,4,9,154,78,1,248,181,98,170,216,3,0,251,143,41,255,255,255,7,128,127,10
1,224,15,0,128,34,7,128,32,2,228,17,203,115,232,255,3,96,0,0,0,0,0,128,0,0,0,44,8,241,0,0,0,8,168,129,26,248,64,3,7,6,0,64,234,183,224,113,120,6,143,240,136,255,254,253,255,3,132,0,63
1,252,207,6,128,255,37,0,178,148,201,143,199,113,254,223,31,118,134,136,0,0,112,216,33,66,0,240,253,255,32,0,129,64,244,136,143,8,68,17,35,34,94,197,8,245,127,222,136,31,241,17,15,112,227,199,199,227,249,255,31
3,224,253,7,0,238,7,0,0,184,80,158,199,113,238,255,63,126,134,11,32,0,112,248,225,130,128,224,121,255,65,4,0,1,32,0,2,240,127,0,0,0,252,59,113,200,255,255,159,63,240,3,15,0,0,193,199,227,121,255,63
1,224,7,0,0,32,7,192,170,2,135,32,219,247,142,255,1,0,0,0,0,0,240,129,3,6,0,0,0,247,0,8,224,135,240,16,15,113,136,0,0,0,160,252,95,72,224,31,248,7,255,240,207,127,255,255,255,31,2,0,32
24,78,131,199,113,238,143,72,28,232,126,96,251,255,223,254,3,126,0,10,0,0,0,120,224,205,255,227,121,255,95,2,128,0,24,244,65,3,0,237,255,211,255,123,243,161,255,255,255,255,255,255,15,0,0,0,0,135,97,254,63
176,247,1,0,238,221,60,159,255,87,133,204,5,128,127,64,0,0,0,112,8,255,14,4,16,32,32,220,231,12,127,242,141,124,243,255,255,207,55,255,254,165,80,148,34,195,225,111,248,11,14,0,224,255,255,255,255,31,134,0,8
176,7,0,176,255,221,24,159,255,119,7,4,0,144,255,3,6,128,7,242,239,255,31,0,0,0,0,220,247,78,31,238,143,255,247,255,255,143,61,254,252,253,113,156,7,193,16,0,0,128,0,255,240,131,15,22,0,0,2,0,11
64,249,1,68,128,51,1,231,243,140,64,143,64,144,55,1,0,64,128,8,16,0,0,136,49,98,96,124,142,17,128,251,241,254,150,7,253,136,131,191,31,30,4,0,128,252,225,35,248,0,7,240,193,159,255,255,255,12,0,0,0
160,255,7,0,128,157,124,191,253,71,244,205,231,129,255,161,0,32,0,0,0,1,0,0,0,0,32,252,199,8,63,228,29,121,39,239,255,191,127,222,189,255,131,32,68,159,193,127,240,15,254,192,193,127,255,255,255,255,159,17,0
65,136,15,4,128,3,224,35,113,140,200,7,0,132,11,160,3,224,7,0,0,0,0,128,0,0,0,60,10,16,240,255,28,24,64,135,116,248,243,14,29,30,6,0,232,255,224,1,120,0,15,240,128,135,63,61,124,30,128,0,60
1,189,140,2,16,186,101,36,144,220,201,223,195,123,254,199,9,114,130,12,0,0,112,216,96,65,194,98,253,255,240,207,185,97,54,68,199,12,0,128,48,251,255,103,196,222,63,255,207,255,240,15,15,80,64,195,195,226,253,255,37
33,237,141,66,81,255,183,96,23,188,72,139,197,176,255,195,31,182,135,117,176,15,59,72,32,65,194,250,255,255,112,147,217,36,254,223,64,4,34,185,115,19,189,111,196,222,255,159,252,149,191,255,15,30,127,255,254,120,158,2,33
33,205,11,6,1,248,181,208,27,218,237,141,199,241,255,39,17,80,4,140,128,0,80,96,129,67,3,226,255,255,254,215,219,85,190,206,9,68,32,149,255,3,253,229,76,94,159,223,231,255,252,143,47,152,96,192,224,255,255,255,32
128,230,1,0,128,102,15,42,245,173,90,131,66,253,175,103,0,0,0,0,0,0,0,128,64,128,192,236,123,247,1,72,23,210,69,186,167,43,221,116,105,254,119,201,155,52,192,22,176,5,182,224,11,223,252,249,250,255,73,185,48
0,246,129,192,48,238,7,0,228,167,91,10,134,129,238,63,0,2,128,1,48,31,39,184,224,192,193,225,56,255,0,0,144,133,244,191,255,15,64,33,195,66,122,223,187,180,225,97,248,9,15,0,240,127,255,255,255,3,6,0,1
161,162,13,4,128,255,31,222,207,123,55,128,197,176,255,199,1,104,0,10,0,0,112,32,128,2,1,253,255,255,15,225,231,253,137,63,240,195,31,127,254,252,124,2,48,1,0,15,192,11,120,128,23,60,240,226,225,253,255,119,0
64,233,15,0,0,244,15,76,134,249,3,128,195,113,238,255,1,64,0,8,0,0,0,0,193,130,1,192,253,255,7,24,103,230,193,60,204,99,158,249,96,224,252,191,3,128,192,62,176,7,246,96,15,123,237,219,219,239,123,255,60
193,17,156,199,49,238,199,63,224,55,3,140,3,65,238,191,31,254,191,255,240,15,127,248,0,0,64,224,121,255,192,255,191,1,0,0,255,31,0,0,194,192,224,255,255,224,255,126,0,4,0,0,0,64,224,193,199,227,121,255,63
67,232,143,199,113,238,231,63,0,227,255,4,0,112,254,183,27,254,143,15,240,0,79,248,225,195,195,227,121,255,224,255,31,0,0,0,14,247,248,129,0,0,225,127,255,203,224,1,120,0,15,240,143,127,254,255,255,31,6,0,48
240,15,2,247,249,255,190,255,191,0,129,132,65,248,255,3,14,156,199,255,252,143,31,112,0,128,227,255,255,255,159,239,255,255,63,223,0,128,7,190,253,255,19,134,0,216,16,6,0,128,48,255,127,254,249,195,0,252,255,63,0
65,64,15,4,0,118,203,76,134,121,3,12,131,97,238,191,26,228,7,209,32,13,98,128,65,0,0,224,120,255,195,27,167,198,144,24,141,1,140,113,98,96,252,190,23,192,35,252,8,31,225,16,142,112,195,135,135,195,113,255,63
128,18,2,0,0,244,138,76,134,121,23,12,135,97,236,63,0,128,4,240,0,15,0,128,1,2,0,128,240,255,15,21,231,197,169,56,138,83,28,112,226,224,240,190,55,0,16,88,4,142,192,8,76,224,133,3,3,135,97,254,63
8,226,147,200,114,224,71,13,226,55,15,0,219,247,204,63,34,134,136,17,49,55,15,0,226,204,207,3,56,255,129,40,38,138,65,1,191,175,152,226,1,228,3,252,255,1,208,153,116,150,239,251,79,103,255,255,27,158,67,192,63
8,239,147,72,114,226,39,168,180,165,95,159,199,1,238,127,2,134,128,49,241,63,15,24,98,205,207,99,248,255,96,40,17,74,252,249,149,175,196,242,33,230,19,255,15,244,227,127,248,15,206,0,128,127,254,253,255,255,231,12,31
224,199,11,4,0,216,62,181,186,6,143,141,70,209,187,117,1,64,0,8,0,0,16,97,0,9,11,151,225,206,191,59,253,78,215,233,157,142,148,211,167,167,1,244,15,71,192,19,240,12,158,224,25,111,188,127,127,191,207,0,56
160,242,7,0,50,102,79,26,77,107,112,68,163,111,221,222,0,40,0,0,0,87,38,176,192,128,245,203,126,246,203,204,14,178,67,118,103,55,187,236,80,220,237,26,240,0,224,61,120,7,239,253,238,247,223,191,191,15,0,160,55
33,189,12,0,0,17,56,36,150,253,75,143,195,113,255,207,13,96,0,0,0,0,112,128,0,0,0,16,252,15,39,130,151,225,181,188,203,11,76,120,243,242,126,223,139,244,31,62,128,7,240,2,31,120,224,195,195,243,253,255,11
15,142,255,67,122,250,39,128,97,1,112,0,169,122,244,202,255,63,139,5,49,190,255,125,98,197,230,99,252,191,96,130,128,32,120,117,65,0,128,234,16,252,11,126,240,74,82,136,20,146,66,249,15,0,255,255,11,133,160,79,15
0,252,3,0,62,50,1,6,227,255,1,143,199,113,254,63,0,0,0,112,16,31,7,8,32,64,64,96,252,255,0,8,1,67,248,254,239,61,132,16,32,120,254,135,0,248,16,62,132,135,240,31,207,120,227,199,131,227,121,255,31
1,232,141,68,16,234,39,64,130,120,135,0,2,65,168,247,127,222,132,152,16,0,65,8,33,194,64,224,121,255,32,0,64,4,218,88,8,100,172,177,98,1,177,172,69,10,224,16,56,12,151,112,200,207,255,255,127,14,1,144,52
165,22,252,163,254,255,74,63,224,7,164,140,197,144,255,131,158,255,247,71,0,239,111,176,193,0,0,253,255,127,203,254,31,0,96,111,255,191,63,16,188,253,17,134,0,195,223,239,197,187,48,0,16,24,32,226,193,252,190,119,0
1,28,0,0,6,0,96,32,224,223,237,143,195,113,254,191,26,160,135,64,0,31,97,128,1,0,0,32,122,255,56,0,160,119,23,0,255,15,0,0,41,187,223,229,206,255,23,126,133,7,240,0,95,120,224,195,195,227,121,255,63
225,130,27,159,33,204,222,189,36,33,31,6,0,132,12,63,95,252,63,255,226,8,118,240,193,130,129,205,113,238,135,63,254,255,7,17,19,131,8,98,198,196,0,252,255,224,247,31,48,0,6,97,0,3,92,254,187,94,3,0,39
79,25,254,255,81,250,231,127,0,248,141,223,131,34,244,31,255,255,255,255,255,28,255,253,227,71,6,2,253,255,252,191,127,239,46,8,0,240,110,16,32,97,187,255,13,218,255,255,203,63,96,3,4,0,0,128,229,211,253,239,15
224,13,90,60,9,17,240,127,26,212,207,131,247,249,255,15,19,224,77,184,9,1,0,0,17,62,0,16,132,0,244,255,127,100,140,136,136,72,255,255,255,3,254,215,136,55,31,222,231,255,253,15,63,120,0,0,192,251,255,255,0
24,126,160,80,255,42,39,192,31,136,88,71,0,222,17,96,206,23,0,112,255,255,31,10,32,208,254,127,91,177,48,0,192,185,254,255,0,128,97,134,255,127,135,33,220,158,112,32,30,0,0,252,249,255,255,15,4,0,128,9,60
223,201,255,255,115,232,255,63,0,176,31,30,3,32,244,30,127,255,255,255,251,48,175,249,231,205,207,67,249,255,247,255,127,203,6,0,128,240,126,48,96,244,51,254,15,216,231,255,113,7,8,131,16,4,16,252,255,223,167,0,31
64,56,0,0,2,112,136,82,73,90,164,141,133,32,246,15,2,128,0,144,1,31,4,0,3,6,0,0,190,85,10,136,4,34,217,37,77,98,146,75,144,144,72,118,224,135,129,100,36,9,36,0,66,50,235,215,147,200,122,242,7
37,29,126,38,8,153,120,62,240,255,232,255,239,35,240,158,57,97,78,0,0,156,224,199,31,1,0,0,198,8,254,142,31,35,98,228,215,63,114,128,16,253,251,127,228,159,127,255,223,255,96,15,6,0,0,130,129,241,253,239,15
37,253,125,3,8,221,56,26,77,251,176,204,199,48,255,199,191,253,71,2,0,142,116,164,145,0,0,216,255,78,223,221,31,32,232,124,70,119,127,232,208,241,253,127,112,203,223,255,229,31,112,1,7,24,249,243,195,255,255,255,1
248,121,96,191,239,221,184,192,31,120,167,236,69,144,63,65,150,153,1,248,255,239,14,0,0,58,35,220,231,4,31,17,192,253,255,255,0,80,55,221,254,3,220,17,102,199,223,255,246,211,60,237,35,138,253,64,80,252,31,49,0
0,13,19,10,71,128,52,16,120,199,252,85,0,74,176,48,40,96,31,100,131,54,248,193,2,4,12,2,128,137,60,130,234,235,18,84,83,5,40,168,84,117,171,110,85,218,54,17,0,144,9,255,14,0,19,55,3,16,246,12,63
193,233,11,236,1,249,244,63,130,244,15,7,129,96,252,31,17,224,223,255,129,0,64,128,3,3,2,0,253,143,180,155,255,255,7,0,140,108,228,251,33,32,251,255,12,95,64,8,0,2,227,48,222,127,255,255,143,135,32,238,15
3,0,255,125,0,34,65,1,160,0,3,4,1,96,252,159,127,239,255,143,0,0,240,24,1,2,0,96,152,119,192,186,129,0,16,0,221,0,128,59,54,52,16,254,0,64,2,24,0,16,224,1,14,96,194,135,135,195,241,255,31
8,120,3,0,118,96,135,228,31,144,143,63,7,65,200,127,0,0,0,240,115,127,255,25,6,14,12,0,0,247,0,19,209,77,253,255,0,64,0,17,167,2,16,253,15,247,243,124,48,6,128,96,76,227,239,223,27,143,67,248,63
1,8,159,7,0,240,15,0,138,122,165,0,130,97,236,255,255,254,0,10,0,0,0,0,128,199,199,227,121,255,222,183,14,0,136,97,24,194,48,203,214,1,64,126,246,3,0,0,0,30,199,113,140,99,142,31,31,143,97,204,62
244,243,8,245,161,255,202,27,105,74,176,204,197,176,119,3,6,233,231,255,252,135,6,0,144,32,161,255,255,14,143,233,236,255,7,4,80,162,179,206,156,252,11,18,96,131,225,111,248,11,62,64,194,63,255,254,253,253,26,50,1
1,136,255,5,0,49,0,0,130,120,1,0,195,113,238,255,255,127,0,8,0,0,64,0,33,66,0,96,190,119,0,0,0,68,200,12,204,112,135,25,50,32,252,135,0,0,0,88,0,15,224,0,14,120,227,207,195,227,121,255,63
160,118,2,0,32,85,26,26,205,123,176,76,36,128,85,72,0,0,0,16,0,223,6,0,0,32,52,153,254,4,11,200,4,178,65,54,255,63,155,108,152,248,255,19,112,193,225,97,120,8,6,0,128,231,223,63,63,31,0,0,31
65,64,15,4,0,254,31,8,4,249,50,0,143,99,204,255,17,108,0,8,0,0,64,48,193,131,131,225,121,255,15,0,0,130,65,48,4,115,185,229,128,192,252,25,255,1,0,48,24,6,195,48,252,243,207,159,31,3,97,236,63
161,231,5,2,224,255,126,173,246,183,91,130,195,241,255,199,30,188,7,119,0,15,63,128,0,0,128,252,255,255,39,0,130,249,54,223,255,143,79,62,255,127,39,136,25,56,16,182,135,231,240,239,127,120,225,195,67,252,255,255,32
255,81,250,255,229,205,254,255,8,64,175,252,7,0,240,3,253,221,255,255,255,222,254,255,219,1,7,131,247,204,159,127,255,255,39,0,2,18,53,0,168,171,215,145,47,135,143,255,239,7,0,0,16,30,0,240,247,251,255,34,1
65,141,252,5,0,51,193,63,128,252,73,3,195,113,254,159,63,230,207,11,0,0,112,152,33,2,0,96,188,127,192,255,31,0,32,140,194,120,127,16,50,50,254,207,8,52,0,28,1,255,241,31,159,120,192,197,199,195,249,255,31
0,134,13,0,128,2,1,131,97,4,240,3,32,142,17,240,141,99,0,0,0,0,48,142,8,0,252,124,30,16,0,162,128,40,16,5,81,128,130,10,20,252,3,70,128,52,0,0,120,0,15,240,240,207,30,61,124,2,132,0,52
224,183,64,32,136,85,24,106,215,189,82,138,197,144,127,67,16,1,68,144,40,143,66,4,81,162,0,216,255,2,7,201,86,246,253,190,100,107,223,125,217,250,126,73,185,176,65,110,144,11,114,0,65,187,253,250,217,253,25,119,0
112,125,3,128,111,221,190,118,31,248,160,205,35,136,255,8,0,128,0,116,236,223,14,0,128,1,183,219,247,206,63,209,93,116,255,255,0,64,247,221,187,155,252,17,34,135,208,37,116,7,0,233,78,247,253,251,51,252,23,0,39
37,142,253,7,0,255,90,30,192,123,48,196,225,184,127,195,159,255,199,47,0,0,48,116,0,0,224,251,255,79,207,223,143,160,16,92,227,5,10,184,248,249,253,46,16,200,223,159,192,17,120,193,7,8,248,240,241,253,255,55,0
3,136,157,71,16,246,7,0,128,48,15,2,0,16,230,199,127,254,135,159,48,1,3,24,225,195,195,224,249,255,0,0,0,0,64,0,92,224,154,251,1,20,0,126,48,33,0,0,0,0,6,112,133,59,255,255,223,141,0,240,10
161,71,15,4,0,213,88,44,214,255,31,138,199,241,255,207,29,96,0,8,0,0,112,128,1,2,0,208,245,110,79,61,23,200,233,185,150,243,220,114,228,228,112,222,27,160,1,126,128,15,240,0,15,120,225,195,195,255,123,255,55
88,13,146,251,127,238,135,224,31,248,126,7,3,114,238,63,46,158,143,255,255,63,15,8,224,193,199,227,121,255,8,1,224,255,191,252,0,16,104,160,243,195,255,255,255,218,24,0,4,128,0,255,239,250,239,3,0,192,123,255,63
103,249,223,231,97,255,255,76,130,176,15,142,67,176,255,135,31,255,199,255,240,8,126,248,193,131,131,246,253,255,231,255,255,210,16,8,129,0,132,245,33,232,247,141,15,224,255,255,240,23,0,97,1,0,253,255,251,255,11,81,8
1,168,141,69,0,230,7,64,65,248,0,0,192,48,247,195,31,110,128,8,16,0,33,152,225,192,192,225,254,255,0,0,0,65,32,10,162,113,31,0,120,120,252,133,1,0,0,0,88,1,59,176,163,159,254,252,252,21,132,3,1
1,240,15,4,128,103,3,68,130,120,1,124,11,67,128,190,1,96,0,8,0,0,240,63,1,2,0,32,24,115,128,31,224,7,248,0,15,16,0,0,2,0,252,3,112,192,225,1,120,0,15,240,240,71,31,63,62,2,2,0,62
218,129,147,223,119,238,199,63,0,232,126,3,194,127,255,63,15,254,255,255,240,7,15,24,224,193,195,227,121,255,193,255,95,0,8,0,0,0,128,254,253,255,227,121,255,0,24,0,7,247,255,255,255,251,1,2,0,228,121,255,31
7,240,137,247,241,255,199,223,162,0,129,252,207,115,232,63,16,30,134,239,240,14,255,255,225,195,195,225,123,255,200,255,239,255,251,118,79,0,0,0,0,0,252,34,112,11,255,255,255,255,255,255,255,127,2,4,4,2,120,255,55
75,192,191,207,17,238,231,64,0,128,207,131,255,241,238,223,255,254,129,31,240,0,1,120,224,199,195,227,121,255,32,16,32,4,128,0,8,192,121,231,255,3,164,65,255,62,47,255,255,127,255,135,31,32,0,0,253,243,253,207,31
96,237,9,4,128,255,33,70,195,216,128,195,225,248,255,131,1,96,0,8,0,0,0,8,32,96,96,252,255,17,160,208,121,116,134,206,232,108,231,157,59,59,254,1,0,62,224,103,248,9,63,240,131,255,255,253,255,123,158,2,1
67,233,159,135,1,254,255,60,130,246,143,249,255,241,239,199,1,126,0,15,128,0,72,120,231,207,195,227,249,255,255,25,31,70,192,72,140,103,252,243,35,32,240,253,15,203,239,255,225,63,252,195,15,12,112,248,255,255,255,3,0
1,253,13,4,0,178,225,36,146,220,201,131,197,48,246,207,1,96,0,0,0,0,48,136,32,64,64,32,220,155,240,21,17,69,164,136,138,88,68,16,35,34,190,239,140,126,32,13,72,11,105,144,246,253,246,236,237,131,188,79,11
225,253,77,38,1,221,252,22,201,250,160,201,229,48,255,139,17,121,68,142,192,0,64,228,145,35,3,219,255,204,255,137,44,34,67,100,68,102,246,221,145,176,221,119,96,199,241,125,124,143,239,112,230,247,255,191,191,73,50,98,7
33,64,15,4,0,204,127,16,40,66,236,1,131,97,238,191,25,96,6,8,0,0,96,128,1,2,0,224,121,255,158,34,164,11,1,32,23,14,144,66,132,132,67,112,238,39,32,60,8,7,225,16,190,240,194,133,167,195,247,238,55
1,252,141,6,128,255,55,64,219,254,224,255,75,83,240,231,61,114,0,8,0,0,240,255,33,67,66,34,127,255,56,0,160,23,242,66,47,20,32,128,8,9,189,161,221,222,255,159,248,21,191,241,139,150,255,255,255,74,22,32,37
216,225,129,197,49,238,143,221,15,112,7,164,2,255,142,55,1,206,129,255,244,0,7,120,224,195,195,239,123,255,129,241,238,255,135,0,72,192,59,239,254,3,12,2,240,64,224,23,120,72,255,240,175,255,255,253,255,15,0,0,52
71,192,223,143,1,240,223,28,128,115,143,128,255,241,238,207,255,254,12,15,64,0,4,32,195,199,3,195,121,255,223,152,14,0,192,116,76,103,186,255,1,64,252,127,115,0,132,230,231,63,252,195,31,122,96,242,243,255,127,243,32
199,241,137,215,241,239,199,63,32,0,240,255,3,114,224,55,0,230,191,207,240,0,111,248,229,195,195,231,121,255,129,253,126,255,39,0,54,240,127,0,12,204,7,0,255,183,229,127,253,7,3,242,255,127,30,254,255,3,0,0,24
103,224,159,135,1,252,127,4,130,251,15,252,255,253,111,199,17,126,0,14,64,0,196,248,255,231,131,227,253,255,31,0,0,134,192,112,206,255,255,249,66,0,248,127,119,192,255,255,225,63,124,195,7,0,120,248,255,255,255,1,0
32,237,5,0,128,171,37,226,113,140,232,131,193,176,127,195,1,0,0,0,0,0,0,8,32,64,64,254,127,185,48,192,152,48,30,198,97,12,227,141,25,27,191,1,220,62,128,7,232,1,61,208,131,31,254,252,255,123,158,2,1
160,2,14,4,0,220,62,20,138,90,165,128,66,209,238,247,7,224,0,24,0,1,0,0,0,0,0,236,123,254,31,32,44,88,3,107,177,134,181,215,174,173,193,176,102,7,0,18,128,20,144,1,9,72,40,83,82,254,75,217,56
225,242,1,0,128,204,191,213,170,82,165,128,66,209,170,53,0,32,0,0,0,0,64,96,129,3,3,236,97,253,62,125,109,95,235,107,190,246,53,215,174,133,1,180,102,7,192,18,176,4,150,96,201,255,255,255,127,62,9,145,56
124,237,129,247,253,239,247,255,25,200,224,1,224,120,255,11,14,254,239,255,253,7,63,120,160,193,195,251,255,255,252,207,255,243,31,6,0,0,0,28,248,251,255,1,0,31,0,0,72,224,255,255,255,255,255,37,36,0,254,7,3
60,237,131,255,127,255,247,126,91,254,224,3,193,120,255,15,30,223,207,255,253,159,31,88,32,193,194,243,255,255,240,207,255,225,63,204,192,16,102,152,240,255,255,255,0,30,0,1,72,64,249,255,255,255,254,229,253,19,254,15,3
192,233,11,4,0,80,200,94,135,249,3,140,199,113,254,7,1,96,0,8,0,0,0,0,1,2,0,224,253,255,199,153,103,230,201,60,204,115,191,253,98,96,252,191,17,128,1,126,128,7,240,0,15,248,237,219,211,255,123,255,3
64,232,1,0,0,49,128,70,135,56,1,128,199,241,255,71,0,0,0,0,0,0,0,0,1,2,0,240,253,255,64,153,65,102,200,28,204,96,159,125,50,32,124,142,0,0,1,94,128,15,240,0,79,120,225,211,195,239,123,255,0
224,239,11,135,65,255,255,126,223,255,18,12,3,160,223,30,1,124,0,15,224,0,8,240,224,193,195,251,255,255,255,251,255,250,7,28,244,163,255,255,253,252,59,142,0,192,225,125,120,0,15,240,128,255,254,253,255,31,132,0,39
160,31,0,32,140,17,0,231,251,142,192,143,68,128,127,1,6,129,69,240,12,207,0,4,16,34,32,124,135,0,32,232,216,126,254,239,253,172,231,159,29,62,15,1,192,255,1,102,128,9,16,0,64,158,253,250,241,252,63,51,0
224,121,11,134,65,254,255,126,31,251,126,140,195,241,255,7,31,216,7,255,240,6,124,224,128,1,2,251,255,255,191,197,255,247,7,0,160,51,127,252,249,251,255,129,51,224,3,255,192,7,16,128,7,124,248,241,243,255,255,127,0
72,200,131,203,119,238,15,76,158,255,15,4,0,0,238,63,30,158,143,247,243,127,15,184,225,195,195,227,121,255,1,16,224,215,255,250,143,127,252,241,3,0,244,253,127,193,0,0,0,0,0,96,128,127,255,255,255,31,3,0,62
224,241,1,64,144,255,135,206,215,56,0,130,199,241,238,63,0,2,128,0,16,0,3,56,225,195,195,253,255,255,192,249,3,254,200,31,252,225,255,255,11,8,4,128,0,0,112,30,156,199,243,60,239,251,239,207,207,135,65,255,63
161,239,143,135,225,255,255,187,101,7,112,4,0,240,255,199,1,126,128,7,192,0,62,120,224,193,195,255,255,255,255,229,31,112,32,15,242,183,127,28,252,255,31,2,0,193,224,1,120,0,15,240,189,127,254,253,255,19,132,0,26
225,115,11,135,129,239,255,191,32,3,254,140,195,241,255,135,31,254,135,255,240,0,124,96,128,1,3,255,127,255,255,255,255,185,7,1,48,129,43,238,222,223,3,0,245,200,1,63,128,0,0,128,63,252,240,225,243,255,255,255,0
33,237,141,199,225,255,31,197,191,16,11,3,192,240,239,199,1,94,128,15,240,0,116,120,224,193,195,255,255,255,31,82,129,85,184,186,171,0,4,21,254,35,244,133,15,32,224,1,120,0,239,240,255,255,254,253,255,3,132,0,15
0,30,6,0,48,254,15,0,231,127,3,136,199,193,238,247,30,158,7,240,112,15,15,0,0,0,0,224,121,255,8,0,0,0,240,126,239,127,21,4,170,168,252,129,39,3,1,96,0,12,128,0,96,248,225,195,195,231,121,255,60
33,15,140,7,193,255,119,165,242,151,11,131,197,49,255,207,31,254,135,199,160,15,127,248,225,131,2,246,253,255,247,112,17,64,128,139,255,207,197,247,47,46,22,197,15,53,0,64,0,8,112,0,240,127,243,231,231,227,253,255,11
225,253,205,197,128,255,203,143,227,24,1,128,228,176,119,131,17,127,196,15,136,128,64,124,241,227,227,255,255,15,247,184,33,110,192,13,220,225,191,255,17,16,24,14,0,8,224,64,248,9,127,240,192,127,255,255,255,13,2,0,1
161,255,13,6,193,255,63,223,255,3,160,196,227,248,255,195,1,88,0,14,192,0,124,120,192,129,195,255,255,255,63,231,205,121,63,239,243,2,0,92,252,255,95,0,0,135,224,55,248,5,63,240,255,255,254,253,255,127,158,1,32
224,237,3,142,97,252,190,254,31,248,55,136,229,177,255,79,2,152,0,254,233,9,12,96,193,131,3,195,255,239,63,137,207,226,223,255,0,32,254,255,1,240,255,255,19,0,9,71,194,91,252,128,35,190,248,225,248,255,255,55,0
160,247,11,6,129,223,190,255,63,35,126,140,195,240,255,7,13,216,7,254,192,0,112,96,128,1,3,255,255,255,63,227,255,255,127,255,176,131,31,254,253,255,67,144,51,193,1,63,128,3,48,128,55,254,240,225,243,255,255,127,0
48,239,1,0,208,175,37,163,251,135,232,135,193,184,119,67,0,2,128,112,152,199,27,72,32,96,242,254,255,153,112,194,153,112,254,222,227,13,65,156,121,123,191,1,204,190,160,101,232,1,45,208,147,127,254,254,255,91,190,34,1
65,237,3,0,0,234,55,52,154,214,237,29,143,99,204,62,0,0,0,0,0,0,232,233,167,79,70,34,73,255,60,8,121,71,198,200,140,252,228,145,33,33,147,237,77,222,225,57,120,6,207,240,140,127,255,255,255,23,128,0,30
180,231,7,131,229,207,190,200,31,96,126,64,32,254,63,96,207,29,0,124,238,7,60,96,0,1,251,255,247,204,63,33,224,251,127,255,0,128,59,254,253,255,3,58,247,10,192,3,240,0,30,255,207,223,255,255,123,60,3,0,48
180,66,59,159,65,204,63,200,12,97,63,0,240,253,255,223,255,254,37,63,224,0,16,96,128,223,147,239,123,254,63,16,226,188,151,16,89,71,8,239,255,67,32,122,243,0,8,193,227,127,254,199,63,164,16,32,252,255,255,15,15
136,31,16,120,62,48,1,236,247,181,91,7,1,32,116,10,38,128,155,241,63,255,15,0,2,4,204,0,152,51,0,128,147,239,253,191,255,27,78,56,113,246,58,223,153,244,0,40,0,2,0,0,116,176,129,2,1,193,176,127,11
160,247,9,135,225,255,127,175,247,7,18,198,227,253,255,129,1,124,128,15,224,0,60,252,240,225,227,255,255,255,191,230,179,249,55,31,243,143,7,62,252,255,3,132,0,112,224,11,248,0,223,240,255,255,255,255,255,7,0,0,24
184,231,3,128,103,204,159,251,61,2,254,196,96,254,63,0,0,136,3,122,226,7,6,32,128,0,253,207,113,238,143,39,245,251,15,161,16,130,84,82,189,255,3,212,174,103,192,3,240,128,95,255,239,255,255,127,125,189,132,0,24
225,231,11,134,129,255,255,191,228,7,31,134,67,240,255,7,29,252,135,255,224,0,112,240,193,129,131,255,255,255,183,238,255,255,7,1,255,143,143,254,125,255,3,140,1,216,0,47,0,0,0,128,191,127,240,225,255,251,255,31,0
180,15,62,131,231,204,254,127,25,234,252,133,67,248,255,39,15,248,111,255,200,7,60,224,128,1,34,211,247,206,255,255,31,0,105,238,0,50,119,64,184,255,223,145,110,199,30,31,132,144,16,239,79,8,33,66,66,252,255,223,56
192,240,1,0,48,238,7,64,0,32,126,136,199,241,238,127,0,0,0,0,0,0,65,120,225,195,195,227,121,255,32,24,96,14,197,161,28,250,248,227,3,0,64,121,255,183,225,127,248,7,255,240,207,127,255,255,255,15,0,0,37
193,224,13,0,128,110,15,40,20,189,91,131,84,209,171,229,3,36,0,0,0,0,0,128,65,130,128,252,49,246,3,64,116,22,197,162,44,122,209,69,139,138,126,81,186,37,192,99,240,8,30,224,129,95,255,255,255,127,3,0,48
32,239,143,135,193,239,63,131,255,7,128,195,240,255,63,192,1,30,0,8,224,0,56,248,224,193,227,255,255,255,63,194,161,120,20,142,243,11,4,94,253,255,31,133,0,53,224,97,248,15,255,240,191,255,254,253,255,19,132,0,1
55,206,255,199,241,255,135,197,158,16,143,199,1,254,255,203,223,255,199,63,248,2,31,124,224,227,227,255,253,255,203,247,31,68,152,11,169,64,4,23,254,3,20,132,15,216,255,31,0,120,255,247,143,134,254,253,253,27,62,0,1
31,255,148,203,127,254,231,63,192,255,112,215,163,122,245,26,32,178,223,87,241,191,143,200,243,69,230,3,252,255,112,175,31,64,120,253,194,176,126,16,116,255,187,255,0,222,86,63,84,131,64,191,95,117,213,238,3,244,161,111,15
128,226,3,0,0,238,95,12,134,249,19,128,199,241,238,55,0,128,0,16,0,3,2,0,0,128,128,224,123,255,7,66,166,148,145,50,43,3,25,101,202,201,252,137,127,0,4,254,129,39,240,2,31,120,224,193,195,255,123,255,56
32,255,5,0,192,255,119,183,242,23,137,143,199,113,255,15,0,36,130,69,32,4,59,248,224,129,192,243,255,255,37,134,161,227,119,220,199,15,4,24,112,254,251,255,0,248,33,127,200,15,233,144,246,127,242,237,255,3,252,15,15
33,246,13,4,128,223,56,173,182,5,75,255,79,81,170,247,17,100,4,0,0,0,112,125,65,130,0,252,209,175,39,42,147,206,212,153,157,9,128,115,101,102,18,220,11,244,241,86,184,12,151,112,216,127,255,255,223,14,2,176,52
224,231,3,4,0,241,216,108,150,189,91,14,129,32,255,30,0,64,0,8,0,0,64,0,65,162,0,80,244,47,167,187,247,238,221,189,220,235,222,123,97,246,122,223,155,240,193,100,48,9,38,96,66,19,255,255,155,220,1,224,39
32,254,132,67,249,255,39,134,251,31,129,221,231,1,255,207,28,62,135,100,144,143,127,252,32,65,64,250,255,255,120,198,129,113,48,222,255,15,0,28,248,251,255,1,0,94,241,95,124,143,255,16,240,127,255,255,159,0,16,98,7
62,254,133,195,252,255,7,130,105,15,240,253,239,10,241,200,8,31,128,4,240,254,255,255,240,225,243,251,255,255,56,134,128,51,112,102,247,15,0,8,24,252,255,3,240,79,241,95,252,143,255,120,240,255,255,255,15,0,0,0,3
0,24,0,0,0,80,136,86,203,122,133,128,195,113,254,95,0,0,0,0,0,0,16,0,0,0,0,192,254,255,207,151,7,225,177,60,203,19,30,120,242,240,252,127,32,65,8,30,130,239,240,4,127,248,224,193,195,227,123,255,55
65,224,11,4,0,246,79,12,134,113,7,56,159,231,140,191,17,96,4,136,0,8,64,48,225,194,1,224,248,255,131,24,103,198,65,56,140,99,189,245,32,224,244,188,7,128,225,112,60,5,135,112,200,123,239,255,159,14,67,240,55
101,253,73,166,73,255,252,54,201,250,160,233,247,189,15,11,0,113,68,142,200,128,72,252,243,231,35,243,255,15,191,152,109,102,71,36,204,118,254,249,17,144,253,127,96,7,241,111,252,139,127,240,192,255,255,255,191,13,0,0,3
72,237,3,72,18,242,229,76,134,49,15,188,223,247,136,63,0,0,136,24,17,17,129,8,99,238,70,32,216,191,32,153,104,46,202,69,76,228,170,187,17,17,137,126,84,154,227,242,184,4,151,113,137,75,255,255,255,15,3,240,52
96,253,129,68,16,255,229,126,83,248,0,135,195,241,238,55,0,224,128,24,16,0,1,8,33,67,66,34,127,251,240,153,91,230,202,220,204,100,239,189,17,49,189,111,68,218,243,18,184,4,151,112,137,203,255,255,95,14,1,144,60
65,24,4,0,0,0,64,18,65,255,240,5,3,97,238,191,0,32,0,0,0,0,32,128,1,0,0,0,2,0,192,76,30,19,96,34,38,127,123,0,8,200,255,1,255,231,0,30,0,7,240,0,111,248,229,193,195,231,249,255,55
33,18,4,0,128,17,8,129,60,7,126,142,195,113,238,247,0,0,0,0,0,0,112,0,1,2,0,28,6,0,65,102,128,25,248,251,51,159,0,0,238,239,3,128,255,116,0,30,128,7,240,0,255,248,225,195,195,227,121,255,62
1,236,15,0,128,1,192,58,65,255,112,142,199,113,238,247,0,0,0,0,0,0,112,128,1,0,0,0,0,0,0,4,0,1,40,246,66,255,127,0,250,219,255,123,255,117,1,94,128,15,240,0,143,255,254,253,255,247,253,255,55
65,8,14,4,0,0,224,58,0,248,254,3,64,48,255,135,1,96,0,0,0,0,32,128,1,0,0,0,2,0,192,221,30,0,168,128,10,112,127,1,218,3,252,121,255,62,0,96,0,0,0,0,0,0,0,0,0,244,253,255,3
1,2,252,185,190,5,8,129,228,7,18,12,0,0,118,195,255,175,127,243,102,255,119,178,0,0,16,220,50,96,195,38,162,137,48,17,191,3,0,34,238,68,0,140,19,192,23,32,0,0,0,11,0,0,0,194,1,244,188,119,3
67,13,252,60,2,16,224,100,18,188,75,23,0,2,240,200,255,243,255,252,11,16,240,5,3,46,4,0,128,0,244,153,89,68,206,200,0,116,238,153,35,3,191,239,204,222,30,160,5,176,0,15,6,0,0,2,0,192,252,255,3
55,236,253,239,121,255,240,22,192,250,128,220,1,58,118,139,191,255,239,207,249,128,255,254,243,227,227,243,255,15,26,128,128,36,208,12,205,6,130,219,18,16,216,126,0,207,243,31,0,152,127,241,135,159,255,255,255,77,0,48,1
55,141,252,39,73,255,248,23,235,90,165,129,237,56,247,203,255,127,239,135,200,136,252,254,185,99,35,186,255,13,254,255,31,0,32,76,207,84,38,8,50,49,253,62,64,11,0,228,239,255,112,15,7,16,64,194,129,224,126,247,1
95,233,223,239,123,255,39,68,130,240,143,20,0,50,112,3,127,255,223,255,251,152,207,125,247,239,231,227,253,255,176,136,33,98,64,4,196,112,254,249,17,112,249,127,0,202,247,191,32,0,4,241,7,2,255,255,255,13,2,32,1
64,200,3,8,26,112,129,86,27,216,160,129,66,81,234,39,34,128,136,112,17,223,141,0,34,68,68,0,254,221,56,153,64,38,248,255,0,112,158,121,16,16,120,95,32,33,18,144,164,149,244,255,79,192,255,223,3,232,123,251,53
65,168,157,76,0,32,193,55,8,218,173,129,96,190,55,129,47,227,207,10,16,0,0,8,34,68,100,33,172,21,216,255,31,0,168,64,0,80,35,129,190,1,221,32,68,143,175,231,255,53,61,215,19,0,0,244,252,122,222,19,32
224,253,3,0,0,217,248,94,79,123,50,236,199,225,255,31,0,0,0,0,0,0,0,0,1,34,0,208,255,14,255,223,75,182,250,86,108,101,171,173,80,89,253,43,85,202,219,95,48,158,198,32,64,227,255,251,27,255,1,204,30
30,239,147,203,123,254,127,181,250,151,143,215,131,123,253,30,32,190,203,87,241,191,175,248,242,197,239,163,253,255,158,170,191,234,87,8,255,15,128,250,33,244,219,255,0,103,254,159,210,255,255,255,47,245,254,33,252,247,133,15,31
247,249,233,255,193,223,252,251,29,0,252,253,251,127,238,63,17,81,255,239,255,0,248,127,149,63,3,150,229,140,254,255,255,47,159,69,17,128,0,139,150,7,0,122,240,207,255,95,254,255,255,252,239,255,255,197,197,225,248,255,0
245,225,11,244,129,223,252,255,46,0,143,252,255,127,228,31,0,96,68,140,8,0,80,127,189,255,35,252,229,12,254,253,127,173,167,69,90,246,127,139,254,3,0,126,240,11,253,223,255,255,255,126,253,127,0,0,28,3,98,216,62
64,224,3,0,0,96,131,84,155,218,165,1,0,160,68,94,0,0,0,0,0,1,0,0,1,2,0,0,40,119,8,27,196,6,249,36,8,96,144,73,130,0,72,18,34,7,128,4,32,1,39,240,130,55,255,255,191,77,18,32,7
64,249,1,0,0,0,193,110,215,189,72,3,22,193,136,53,0,0,0,16,0,1,0,128,1,2,0,0,24,179,161,88,245,87,197,168,172,122,213,85,129,162,94,213,170,53,192,48,176,5,182,96,203,255,255,255,255,127,1,176,53
33,224,15,0,128,95,26,68,195,248,129,129,195,245,239,247,1,96,0,0,0,0,112,16,1,2,0,200,127,254,103,82,132,16,208,98,45,6,129,205,138,136,252,0,118,3,160,54,184,5,181,248,207,127,255,255,255,106,91,176,48
231,237,27,143,65,252,255,125,138,114,143,212,235,127,255,159,37,252,219,47,193,0,180,125,130,165,239,131,245,239,223,183,127,108,129,0,216,194,54,219,246,3,88,254,34,3,139,223,231,255,255,196,47,254,248,241,243,255,127,243,1
97,77,15,4,0,253,252,53,170,86,143,253,255,99,236,31,0,96,0,0,0,0,192,108,183,111,3,179,237,207,254,189,29,109,163,109,218,246,118,219,182,3,136,126,64,207,111,253,73,63,233,147,14,112,192,173,191,195,245,238,31
32,255,3,0,88,187,117,177,120,199,254,29,135,97,252,127,0,0,0,0,0,175,9,0,0,1,2,54,205,141,252,168,59,234,70,221,247,189,238,186,85,127,171,111,213,218,241,92,28,143,227,48,204,127,255,255,143,131,96,254,31
0,236,135,0,16,242,7,128,226,23,15,247,251,127,247,200,1,98,0,0,0,0,144,28,114,228,236,35,220,63,32,2,128,32,20,148,219,13,0,59,119,83,58,111,144,60,178,143,236,147,125,251,15,50,251,255,247,233,126,112,3
1,236,13,4,0,178,37,128,224,6,173,193,233,123,255,203,9,96,0,8,0,0,240,168,0,0,0,32,236,223,24,2,128,32,48,108,215,6,0,136,176,181,217,126,64,143,32,63,216,7,249,176,191,125,246,237,255,243,253,15,8
56,238,7,0,112,255,31,128,182,23,15,251,255,127,252,223,0,36,0,0,0,162,222,127,208,255,239,247,245,239,7,18,128,108,176,45,219,15,0,91,254,3,0,254,0,97,244,30,173,167,247,255,223,123,235,255,3,195,123,255,63
224,240,3,20,129,140,191,210,31,72,228,5,131,255,238,63,1,64,0,248,197,0,0,64,0,1,19,139,107,252,62,81,76,20,187,103,8,82,51,205,222,3,204,16,246,199,40,63,202,71,249,180,175,255,255,165,255,211,253,111,7
160,119,2,0,132,1,216,255,174,35,55,204,1,128,255,8,0,0,0,0,0,135,48,0,0,0,48,156,135,0,127,244,31,237,161,255,250,223,127,66,254,135,0,30,51,129,149,123,247,142,80,8,117,127,185,123,3,252,111,213,24
8,253,3,0,80,170,167,240,31,254,252,255,127,95,187,48,0,0,0,0,0,119,191,249,34,68,252,35,8,255,48,239,219,251,254,223,0,60,108,144,97,127,191,237,205,254,243,127,248,7,223,240,141,255,255,255,255,31,132,0,60
32,255,3,64,122,255,97,191,247,23,1,222,231,113,255,15,0,0,0,16,16,143,15,8,32,64,97,241,255,95,200,254,155,237,178,93,255,159,46,186,126,119,137,110,64,218,255,255,223,167,241,155,223,120,227,239,3,163,253,255,30
240,255,129,66,123,255,167,215,223,90,164,252,223,97,238,63,0,0,128,246,208,15,15,104,160,67,67,251,255,255,124,184,11,238,250,255,221,237,238,255,1,116,9,126,80,218,249,127,252,143,247,120,239,255,255,255,7,0,66,240,63
192,253,3,0,16,230,135,250,31,248,254,221,195,123,254,63,0,0,0,48,0,7,19,0,0,0,204,227,121,255,0,221,94,183,255,255,0,112,123,164,90,75,255,33,253,218,248,63,72,4,0,252,255,255,255,253,255,19,223,139,52
26,253,129,64,121,255,39,149,239,23,135,252,239,115,254,55,0,10,128,6,208,56,255,255,231,207,71,163,249,255,216,190,155,107,242,221,223,141,34,154,52,117,139,126,64,218,241,95,188,143,247,112,205,255,255,255,223,3,2,240,56
3,173,137,70,1,251,245,63,192,252,72,215,233,62,118,131,25,242,206,13,0,0,224,220,115,1,2,114,255,155,244,171,187,96,6,72,197,12,164,186,49,119,155,239,68,94,66,135,208,49,59,247,11,21,116,236,252,119,148,11,33
224,247,1,0,192,239,119,175,246,181,91,238,247,249,255,39,0,0,0,1,32,7,10,208,64,129,130,254,249,255,165,124,63,223,231,187,255,255,253,119,239,110,32,140,31,240,241,127,252,7,255,248,207,255,255,255,255,255,1,17,32
33,230,15,7,193,238,255,63,192,255,90,215,235,127,254,191,1,224,130,7,0,0,32,240,224,1,194,239,123,255,255,76,63,145,36,144,166,63,127,0,232,255,255,201,159,248,236,31,217,103,255,246,191,127,246,253,255,19,197,15,60
31,237,143,131,241,238,255,61,162,214,143,247,251,127,240,188,33,126,138,7,128,0,252,255,230,197,255,227,249,255,255,255,31,65,160,201,154,223,124,16,254,35,144,255,15,254,226,31,248,23,255,241,143,127,255,255,255,31,134,0,62
72,253,128,64,118,98,135,228,151,148,73,159,2,64,170,53,0,2,128,112,48,255,15,8,96,192,220,99,24,255,32,17,209,223,253,191,128,192,76,51,111,34,18,205,11,180,96,48,24,4,0,112,233,255,255,255,223,2,0,184,52
229,233,111,7,129,223,254,31,194,123,135,132,131,112,238,223,157,125,71,143,0,0,112,247,193,3,2,252,247,238,255,255,31,0,0,8,175,119,173,181,98,96,252,172,7,200,239,31,64,2,72,242,191,127,150,253,255,147,228,14,31
64,233,1,0,16,242,199,86,203,250,164,217,239,113,255,15,0,0,0,16,16,17,1,8,162,70,69,33,254,255,24,153,232,103,203,100,76,100,182,217,18,17,253,55,96,75,224,31,248,159,255,240,207,255,255,255,255,251,62,114,3
8,254,128,64,118,102,7,0,247,255,88,27,78,1,168,119,2,6,128,48,49,127,7,24,96,196,204,97,56,247,0,0,0,0,112,254,255,63,201,4,9,254,255,65,253,188,225,112,56,12,3,0,192,251,255,255,223,7,0,248,53
72,237,3,0,18,240,231,84,138,250,143,0,207,115,252,31,0,128,0,16,1,17,1,0,34,198,70,2,248,255,112,153,75,96,218,221,192,100,238,187,51,49,185,127,68,26,160,252,252,23,239,249,143,119,255,255,255,203,119,230,15
39,224,237,39,128,255,24,0,228,49,19,0,136,102,64,222,253,127,68,139,0,0,240,255,217,163,1,248,255,46,7,0,0,0,240,60,207,3,0,72,208,240,124,30,48,1,224,0,56,1,103,112,206,127,255,255,159,15,0,240,7
1,205,95,6,0,240,52,68,150,252,15,3,172,107,220,222,127,119,0,8,0,0,128,128,19,39,6,0,220,15,53,0,1,68,206,220,140,109,238,185,99,35,187,255,13,30,0,128,48,18,239,241,14,33,255,255,191,223,1,68,31
37,226,237,5,128,127,8,2,101,45,112,2,64,114,226,199,159,127,6,0,0,0,112,254,81,0,0,252,255,34,3,128,0,160,80,21,119,9,138,42,81,92,42,74,240,48,224,4,56,217,247,120,207,251,255,223,223,2,16,242,33
11,174,181,65,62,34,67,1,224,7,129,20,131,99,252,223,62,46,139,99,49,127,191,184,34,68,196,33,56,255,64,166,131,1,48,29,255,31,0,0,116,116,33,254,17,216,48,28,8,7,225,27,207,112,195,199,135,195,123,255,39
165,95,110,18,197,137,252,187,104,71,252,253,2,75,185,180,8,112,127,68,128,230,248,199,24,1,58,30,71,136,255,239,31,9,50,199,119,159,99,130,28,255,131,96,252,222,127,91,75,108,137,150,248,109,16,32,100,18,236,13,60
65,141,31,4,0,176,244,44,146,180,75,3,0,99,204,255,127,244,13,8,0,0,0,0,3,6,4,0,128,191,229,63,31,64,0,136,156,233,204,243,33,98,50,255,15,52,0,0,0,16,192,33,14,0,222,255,191,223,97,238,63
11,134,244,89,190,34,65,19,224,7,224,1,0,126,118,131,238,227,255,67,18,255,183,139,36,64,252,44,8,17,192,230,11,8,48,1,255,159,0,2,124,125,3,40,85,90,48,12,0,240,243,255,255,56,195,134,1,0,248,255,3
1,12,252,6,128,17,48,128,242,132,201,19,12,2,240,231,255,115,6,136,0,0,240,207,1,2,0,48,207,9,48,2,152,0,182,204,207,12,0,144,51,51,155,231,204,222,39,246,9,17,32,17,2,16,66,230,199,66,254,255,37
120,29,2,56,127,0,176,245,31,208,237,77,36,128,27,48,0,128,73,240,223,255,13,0,0,60,126,2,132,0,60,83,217,253,254,255,0,68,100,189,127,3,189,229,76,222,29,96,6,200,0,0,112,128,1,2,0,188,239,77,26
224,125,2,0,8,249,184,118,219,218,164,205,135,128,255,31,0,0,0,248,136,9,64,128,17,34,0,144,255,13,62,153,93,103,255,239,64,114,246,217,145,144,220,119,32,199,129,124,32,7,0,0,192,255,255,255,247,203,127,242,39
0,143,12,0,128,0,96,45,244,181,91,3,124,223,1,240,0,32,0,0,0,0,0,128,13,26,8,12,0,0,112,124,27,128,226,219,255,253,109,182,111,111,163,237,221,26,0,0,79,249,63,159,242,148,64,128,164,64,156,35,33
8,253,129,72,114,242,103,44,240,255,91,139,199,113,254,15,2,162,136,17,49,191,15,8,98,196,196,34,248,255,32,128,43,239,6,220,223,255,238,187,113,119,187,127,17,24,1,78,192,155,251,0,199,252,247,239,231,243,253,127,11
0,14,4,0,134,0,32,160,240,133,88,3,0,0,251,244,12,32,0,0,0,15,48,128,0,0,0,16,132,0,32,0,144,1,52,142,255,27,64,0,57,254,30,67,136,52,0,32,5,160,0,10,80,16,1,130,2,96,223,187,37
33,239,7,0,0,249,124,60,254,255,143,216,239,97,252,222,0,0,0,0,0,0,64,128,17,35,2,144,245,143,63,136,21,98,69,253,223,175,254,251,177,244,251,127,32,39,161,253,108,159,237,80,198,118,219,255,183,203,118,226,7
192,65,3,4,0,64,158,253,158,113,15,60,2,199,136,53,0,64,1,56,0,2,16,0,0,12,12,0,0,254,207,191,95,200,201,57,128,225,156,243,230,228,112,254,15,192,231,25,32,20,134,97,8,67,30,255,63,31,67,128,62
1,240,13,5,128,255,30,196,150,48,15,26,143,99,236,255,29,124,0,8,0,0,240,248,193,2,0,224,249,255,7,0,65,213,168,26,130,113,93,48,234,96,244,141,15,32,96,88,154,239,247,52,255,255,230,77,223,3,97,255,62
119,189,240,255,255,255,244,54,194,254,133,157,197,48,246,15,62,255,255,247,249,159,111,252,241,99,98,242,255,143,252,255,63,99,6,12,239,127,127,24,48,56,255,231,0,255,255,31,8,248,255,156,247,188,243,134,133,1,252,127,3
65,249,9,4,0,249,240,110,23,252,73,19,8,111,208,60,1,224,4,136,0,0,64,128,87,167,2,16,212,15,183,157,115,231,143,4,72,240,255,25,19,16,248,127,128,60,64,8,24,2,67,48,132,231,255,191,191,135,0,196,31
72,240,128,192,254,239,135,197,191,16,11,223,1,58,246,11,0,2,128,241,243,63,255,121,96,192,201,231,249,255,0,39,225,255,191,185,129,0,4,16,238,166,16,220,15,229,112,47,28,2,1,184,247,255,255,255,13,1,128,119,10
32,239,3,0,0,236,63,183,251,78,164,197,225,126,119,64,0,0,0,0,0,0,48,0,0,0,244,147,255,15,30,130,237,121,55,110,227,14,32,220,188,191,223,183,102,15,160,175,239,3,125,255,183,62,250,244,245,217,190,2,3
90,253,208,254,123,251,229,126,215,252,72,159,203,115,236,31,48,214,255,255,255,159,207,216,99,199,66,32,254,255,176,157,251,255,7,8,204,253,238,185,33,51,187,239,12,190,126,190,159,199,243,191,239,249,231,11,11,231,161,255,31
90,189,128,236,89,251,165,239,31,152,9,215,1,58,119,8,0,64,207,255,255,18,251,124,98,231,231,35,254,255,48,147,249,255,191,221,0,64,0,153,247,3,184,255,0,222,120,15,8,0,1,188,247,255,255,135,132,0,144,55,1
0,239,5,0,128,255,39,141,246,55,31,194,225,58,119,67,0,0,0,0,0,0,48,72,0,0,232,247,217,191,116,140,27,225,102,220,214,189,110,56,113,255,187,239,9,56,224,111,248,3,127,240,247,127,254,254,255,51,190,7,8
10,237,145,72,94,162,37,224,48,132,88,195,233,126,247,200,38,130,136,16,17,51,131,8,34,236,238,34,136,59,32,128,16,32,20,141,209,8,66,26,53,119,27,127,136,62,114,143,253,251,127,255,199,45,247,254,1,180,172,87,8
72,233,3,172,42,208,154,244,155,208,141,5,0,160,239,31,0,128,12,248,251,191,5,0,3,6,1,0,172,79,10,17,245,95,255,170,128,66,212,85,163,162,212,213,14,103,144,15,0,144,126,249,79,63,255,255,211,253,63,116,11
10,204,151,64,86,162,39,160,112,133,90,159,70,0,242,231,102,182,153,21,179,255,139,88,102,205,254,34,88,187,112,130,24,0,182,213,255,13,98,136,87,23,139,111,220,222,39,243,193,12,8,0,0,76,48,237,255,51,253,15,52
8,236,147,72,86,34,37,212,155,82,165,13,2,65,168,119,38,2,137,240,147,127,159,8,34,68,76,32,8,253,56,0,200,9,250,95,0,20,32,128,68,69,129,174,85,218,162,63,0,4,128,251,143,126,251,255,247,219,255,136,63
65,13,90,126,1,144,240,101,146,148,73,3,253,253,255,138,55,243,205,28,8,0,0,0,19,255,38,18,221,11,244,251,21,68,132,136,201,72,198,223,183,2,90,215,136,55,14,204,79,255,233,15,54,48,0,0,128,193,244,111,15
97,189,76,36,128,187,224,102,211,156,72,7,0,0,0,192,17,113,68,136,0,0,96,204,49,35,2,120,223,9,244,155,249,102,214,204,205,108,226,191,17,19,191,103,192,126,240,2,60,128,23,120,193,139,63,127,30,12,0,16,48
203,137,155,255,51,242,199,63,0,120,135,0,200,119,228,31,50,238,255,255,251,29,135,136,227,199,197,33,248,255,192,191,127,102,3,0,0,96,190,251,0,16,248,126,0,3,0,224,255,255,255,115,30,67,0,252,255,207,3,240,63
8,12,144,88,22,34,129,240,27,192,237,21,2,127,248,63,32,194,155,120,87,55,177,9,34,68,252,33,8,85,8,5,233,251,42,72,0,16,36,16,124,253,179,172,5,218,126,26,4,244,211,127,109,192,3,3,2,0,105,253,62
7,232,255,199,176,119,3,0,192,120,0,188,223,115,238,231,255,255,239,3,48,14,119,188,97,192,192,248,254,119,64,66,0,0,16,2,239,3,1,20,58,40,252,129,0,225,255,255,184,23,198,113,15,0,254,255,255,143,65,248,62
3,128,252,3,128,119,3,0,224,189,1,139,197,48,255,195,157,111,199,65,48,14,115,191,96,128,192,252,190,55,65,198,129,0,176,14,235,11,0,0,250,58,124,129,0,225,223,175,199,243,120,143,7,0,96,194,193,252,191,119,0
37,134,255,3,128,0,60,128,56,6,252,1,48,254,19,192,255,127,18,12,0,0,240,255,4,9,26,158,1,136,254,111,28,0,48,225,55,14,0,194,133,191,3,112,238,7,2,130,225,248,124,195,3,8,56,240,240,252,63,17,0
3,136,204,5,128,127,3,0,195,248,0,190,207,51,228,207,57,126,6,137,0,0,240,251,231,3,0,224,120,255,1,4,0,67,225,40,142,114,60,0,32,160,252,191,7,193,127,236,30,27,99,49,6,160,199,140,141,193,48,255,15
1,252,205,64,144,55,1,128,245,5,88,143,193,48,230,199,159,7,133,240,16,15,113,8,32,66,64,252,158,51,0,0,128,40,252,151,127,137,194,15,29,30,2,67,152,252,99,30,24,15,243,48,143,249,255,223,207,131,32,255,31
33,240,141,4,128,255,1,64,69,233,112,188,207,115,232,255,29,112,4,8,0,0,112,250,1,3,0,252,123,255,52,0,32,183,102,214,110,253,123,0,0,88,175,43,241,216,251,254,152,31,243,48,143,249,255,223,207,135,33,255,30
11,248,136,68,16,255,3,224,147,156,73,3,207,97,238,95,1,70,128,9,48,0,241,249,227,197,198,98,248,255,32,0,240,239,125,137,151,168,196,18,1,54,2,255,136,52,32,108,136,15,97,16,246,253,246,197,239,3,248,255,15
97,253,13,4,0,187,244,53,146,214,141,135,195,113,254,135,17,112,4,12,0,0,112,72,33,67,2,224,253,255,252,223,57,101,166,200,202,124,103,129,50,3,157,231,204,222,32,62,128,5,176,16,255,126,227,215,199,99,127,255,33
33,252,13,4,0,253,56,20,203,218,165,221,207,115,252,223,17,96,4,8,0,0,240,252,131,2,0,0,252,79,207,150,151,229,181,188,203,27,4,0,242,242,250,255,0,229,1,94,128,15,240,0,79,248,255,195,195,235,123,255,48
75,232,157,69,16,246,131,64,23,184,1,255,235,58,112,10,1,102,200,9,49,0,211,61,242,238,237,97,188,55,192,159,87,100,188,188,64,80,70,25,243,18,124,95,128,245,255,255,249,27,127,241,7,39,254,254,253,157,128,4,11
225,253,77,36,128,17,248,183,233,70,228,141,67,113,254,183,31,224,7,136,0,8,112,128,1,2,0,156,231,140,254,191,61,106,71,101,213,174,246,219,145,180,75,118,224,199,17,62,128,7,240,0,255,248,227,195,195,227,121,255,24
67,169,221,237,0,247,193,63,128,144,137,3,223,113,238,159,63,255,223,159,16,0,64,8,33,230,1,224,252,127,200,251,63,66,64,8,141,32,132,255,33,32,124,215,8,53,0,64,191,239,247,50,255,123,2,206,207,3,112,255,15
75,232,137,223,17,238,135,204,15,48,7,0,0,126,255,60,63,222,159,255,247,0,17,24,96,196,199,99,120,255,128,17,232,253,135,0,8,64,32,129,254,3,176,238,69,90,32,1,0,72,255,244,255,255,255,253,255,3,132,0,11
79,253,137,199,241,239,231,255,48,0,73,255,207,99,240,31,25,94,142,239,243,12,255,251,231,193,195,227,121,255,244,237,95,75,108,201,130,176,127,0,32,252,19,254,15,62,109,127,255,111,255,16,240,127,18,44,253,3,132,15,31
31,237,253,231,113,255,55,4,194,254,137,27,237,35,244,154,61,127,207,239,249,158,255,252,224,193,231,243,253,255,222,143,255,97,58,12,195,0,4,16,48,249,255,255,0,223,239,255,251,63,107,145,128,4,214,236,255,3,164,15,11
65,201,15,4,0,246,11,12,134,249,7,0,0,128,10,229,19,96,4,8,0,0,64,0,65,130,1,224,252,255,3,8,3,194,216,56,141,33,140,245,96,96,252,188,7,0,192,16,48,20,134,97,8,67,239,255,27,46,3,240,60
55,252,237,231,249,255,39,0,195,248,129,213,193,122,247,203,191,255,239,239,248,142,255,252,224,193,225,243,255,255,0,130,225,113,56,14,227,0,0,28,250,251,255,135,0,31,32,5,104,1,255,246,255,255,254,253,255,3,150,2,1
225,253,15,6,128,221,124,151,235,90,164,29,143,99,212,222,1,112,0,8,0,0,64,100,145,35,35,190,239,140,62,252,237,127,251,111,254,246,183,223,190,149,201,54,96,143,225,121,120,14,207,240,252,247,223,191,63,3,0,64,31
64,224,3,4,0,96,199,84,138,82,165,136,70,209,170,55,2,128,4,144,0,9,0,128,1,2,0,160,40,255,218,57,108,14,203,97,28,230,176,211,0,129,193,180,102,11,192,18,176,12,150,96,9,75,127,255,91,110,75,176,52
0,200,15,0,0,34,39,96,16,132,254,131,196,176,119,195,15,146,128,56,16,3,1,8,32,64,66,34,73,251,48,0,224,20,142,194,40,76,97,165,75,3,175,97,221,62,128,5,224,9,60,192,3,30,122,252,255,123,158,0,1
90,237,147,203,115,238,183,220,158,112,143,224,255,255,223,24,32,158,136,55,243,255,143,120,230,237,255,227,249,255,62,1,75,234,250,255,0,160,174,251,113,245,187,254,5,10,193,73,248,31,255,224,128,127,254,255,255,255,7,0,31
8,237,131,200,115,242,167,196,31,248,143,139,239,97,254,31,0,142,136,51,241,27,143,56,226,198,199,227,248,255,8,145,73,236,250,253,0,192,46,187,246,35,152,254,4,10,40,159,202,255,255,149,175,252,246,33,252,243,253,15,15
32,194,7,0,0,64,223,147,105,66,180,132,195,113,255,231,9,96,2,0,0,0,48,128,0,0,8,205,33,244,223,175,140,40,123,101,85,134,178,202,148,149,9,58,112,195,0,51,192,4,152,128,57,205,48,97,250,255,205,153,56
229,255,111,39,201,221,124,26,205,255,48,204,102,145,191,225,159,125,70,134,136,136,104,244,209,35,35,250,255,142,255,223,31,0,96,126,238,127,127,44,216,248,255,11,112,192,223,255,244,158,30,97,1,136,253,251,91,252,11,17,56
48,226,7,0,64,238,119,147,105,2,244,192,243,253,255,229,0,32,0,0,0,71,9,0,40,81,254,255,75,209,120,170,136,42,90,103,117,166,162,206,20,220,11,34,240,11,128,31,228,135,252,255,207,127,255,255,243,255,127,51,32
97,237,15,4,0,255,117,52,138,222,141,61,135,225,204,255,17,96,0,8,0,0,96,200,33,67,2,160,237,223,120,26,25,70,214,200,141,108,228,177,33,33,181,237,13,222,227,248,56,30,199,113,140,99,255,255,127,15,3,192,62
225,73,75,167,65,255,252,54,203,254,133,129,64,240,255,71,31,223,71,254,248,8,88,100,129,35,3,250,255,207,191,223,253,255,7,0,236,110,247,221,177,184,221,183,0,71,192,3,240,152,158,224,1,207,191,123,123,190,3,0,56
248,119,128,224,255,255,67,31,225,127,176,232,255,129,255,7,0,2,128,211,120,255,15,184,241,195,193,253,255,127,0,202,169,242,83,126,245,39,131,254,0,252,253,2,0,10,61,126,255,239,241,18,240,127,2,4,4,0,254,255,33
1,237,15,6,0,250,53,0,142,243,15,60,159,99,200,255,29,112,4,136,0,0,112,192,1,2,0,160,105,255,60,2,171,198,82,88,141,5,172,177,97,97,181,237,93,216,243,253,56,30,199,113,8,67,223,255,31,15,67,224,63
64,237,3,64,114,246,135,84,155,216,133,5,131,115,252,63,0,0,0,120,209,23,13,8,160,68,199,163,248,255,24,17,69,101,253,252,128,80,118,81,242,35,252,255,10,39,240,24,60,214,223,255,239,235,255,95,11,12,1,216,62
8,125,254,72,30,50,33,192,31,216,201,159,203,115,254,127,45,2,0,248,249,22,177,248,34,0,228,35,252,255,112,143,219,227,126,221,134,61,238,176,1,116,187,239,13,254,63,190,143,215,224,31,15,240,195,131,131,195,249,255,63
30,15,246,75,127,162,103,0,224,191,75,255,171,122,241,216,238,191,218,5,17,255,175,221,254,205,254,35,136,187,48,0,0,99,110,221,214,189,239,136,0,253,187,111,196,222,255,159,4,176,104,155,14,0,209,166,3,208,252,79,15
75,137,157,78,19,224,231,45,180,181,95,11,6,1,236,191,118,244,159,151,161,63,202,80,71,143,130,64,80,255,229,63,91,128,252,217,0,160,200,179,69,102,34,255,159,124,193,65,32,56,63,64,0,7,124,254,255,126,2,0,32
11,125,212,104,30,51,64,47,224,181,27,146,207,115,252,191,58,231,223,1,0,189,131,144,119,132,132,64,156,35,1,0,32,239,132,0,255,255,110,59,118,0,16,254,0,56,62,252,159,247,225,63,255,112,129,135,3,195,241,255,63
8,205,19,204,83,224,103,50,248,207,252,69,33,122,245,24,34,226,139,127,241,19,129,8,34,68,239,3,252,255,184,172,186,235,7,0,215,191,234,170,21,255,139,127,240,126,234,11,0,248,223,245,37,165,190,40,125,183,164,5,26
65,13,63,14,1,128,244,59,32,67,254,128,96,120,255,193,127,209,3,248,138,0,0,128,0,0,0,20,197,10,245,223,11,32,2,68,66,52,35,136,16,121,189,35,84,26,0,224,199,55,88,131,31,40,0,224,227,255,253,95,8
1,236,223,7,0,243,0,0,73,122,160,252,79,18,240,231,57,99,0,8,0,0,240,255,51,34,0,48,254,15,8,140,0,35,104,4,70,112,30,8,16,144,120,126,48,193,255,255,176,22,214,97,13,0,255,255,91,175,67,208,62
96,73,27,173,1,208,154,228,159,208,143,111,1,164,5,74,55,81,0,248,239,0,64,0,17,46,3,16,197,12,63,81,213,86,253,170,136,66,213,85,171,162,220,213,42,231,215,175,96,0,4,195,0,2,24,250,241,253,62,0,1
39,13,254,39,0,185,240,54,193,254,224,217,237,51,246,203,251,127,70,12,0,0,224,204,255,35,0,16,253,15,124,132,8,33,234,77,214,244,127,8,16,53,137,126,64,222,127,255,223,247,224,15,14,0,192,130,131,243,253,255,15
71,184,236,67,144,127,193,78,67,184,0,2,206,115,236,255,127,254,151,135,48,12,123,249,229,195,194,228,249,255,224,221,31,0,232,158,2,112,127,0,42,32,252,133,0,48,0,8,30,198,243,60,255,249,231,13,15,131,225,255,31
79,232,159,199,113,238,199,29,130,112,135,252,31,3,128,255,105,126,154,79,243,48,255,253,247,205,207,227,249,255,200,61,15,1,232,121,2,240,127,0,34,32,208,254,7,195,231,255,249,31,14,192,0,6,28,252,255,31,6,0,63
32,6,6,0,126,16,24,144,239,67,183,136,68,128,119,67,28,0,0,224,10,255,127,5,1,2,0,148,128,4,94,174,142,8,250,127,255,135,32,130,212,253,129,58,119,139,0,102,160,3,48,0,3,62,249,250,243,253,63,115,0
1,252,205,229,48,119,67,6,195,189,1,191,1,54,102,139,21,239,207,139,48,0,243,60,113,226,193,240,254,55,128,66,177,242,21,138,231,11,192,124,57,250,126,197,136,244,243,14,56,0,71,120,199,59,255,255,31,13,0,112,11
195,137,216,237,1,240,195,13,160,49,15,0,196,113,238,191,127,254,255,159,112,0,64,144,231,195,1,224,184,255,131,8,225,238,7,8,156,225,140,255,33,100,16,254,15,0,0,0,1,254,243,39,63,105,0,65,203,231,105,255,62
160,230,7,0,0,220,30,26,125,239,114,128,195,245,239,231,0,0,0,0,0,0,0,0,128,0,1,219,119,238,31,200,132,50,83,230,101,46,147,206,153,252,207,19,242,71,192,26,176,14,214,96,13,111,253,251,251,255,75,209,56
136,230,135,195,113,238,95,185,228,7,126,192,235,127,255,200,8,62,128,7,240,6,63,248,224,193,255,227,249,255,195,167,31,9,48,253,211,159,62,2,244,255,3,126,51,64,224,11,72,0,255,246,191,255,254,253,255,19,132,0,10
176,127,71,32,204,153,120,155,237,111,180,0,68,128,127,131,14,161,67,16,8,239,12,0,16,32,32,156,231,0,126,254,31,48,242,255,255,175,239,190,29,127,143,35,212,30,208,0,52,128,6,249,207,239,255,255,3,60,1,128,60
225,249,13,4,128,255,222,22,203,250,165,140,199,241,239,167,17,96,4,8,0,0,112,224,129,2,1,248,255,239,159,93,111,215,227,58,174,119,63,84,168,232,252,129,7,129,193,126,176,15,246,96,207,127,255,255,251,255,91,241,32
224,255,1,0,128,155,48,183,255,151,201,207,64,144,255,33,0,0,0,24,0,0,0,0,17,34,0,252,199,8,181,240,185,126,135,207,255,238,247,223,191,63,3,34,68,223,193,119,240,1,62,224,67,127,255,255,251,255,11,49,32
65,253,80,108,11,241,224,62,192,254,200,223,239,35,244,15,0,224,206,220,25,157,1,128,243,103,68,32,252,31,176,188,177,239,6,132,223,255,230,25,49,50,26,127,128,190,5,238,223,7,96,0,214,124,224,230,231,241,252,127,11
64,237,11,4,0,184,245,118,219,222,173,1,131,97,252,223,1,96,0,8,0,0,0,128,34,69,70,2,252,223,184,144,121,100,6,68,200,124,102,153,51,19,185,127,68,30,0,29,72,15,233,144,142,252,254,245,255,211,255,15,15
37,253,205,35,88,255,112,62,209,255,192,223,199,48,255,203,61,55,206,133,8,156,251,252,115,35,34,112,255,15,245,253,31,33,96,236,238,255,127,8,16,178,255,119,224,255,251,223,128,155,240,0,7,184,255,255,195,245,253,255,3
33,236,207,0,128,191,33,0,211,220,201,131,228,177,255,195,159,15,0,0,0,1,0,0,32,66,64,252,255,17,0,0,0,116,204,142,232,120,199,29,59,58,254,1,136,60,0,111,224,11,124,192,135,127,255,255,255,255,255,39,3
67,237,15,4,0,242,195,44,146,188,75,223,239,123,244,139,33,96,8,0,0,0,128,156,243,231,231,0,252,63,96,144,19,228,132,156,200,249,94,123,247,18,122,95,136,52,227,204,120,27,127,113,6,51,255,255,255,205,2,96,3
101,253,77,2,201,191,52,18,219,254,160,205,231,209,255,231,17,49,0,4,0,136,120,238,177,99,3,186,255,141,126,220,25,51,234,206,238,124,231,140,24,57,255,35,68,158,241,119,252,143,183,112,235,255,255,255,223,106,26,177,32
33,77,95,6,0,177,48,96,154,212,207,3,173,33,253,222,63,17,0,8,0,0,80,4,17,38,34,16,196,15,60,128,192,100,190,205,201,12,102,153,55,51,155,127,192,62,0,232,0,2,64,1,4,32,211,175,39,147,245,78,31
1,253,12,0,0,187,116,38,210,254,201,155,205,50,246,203,0,32,0,0,0,0,112,204,49,35,2,48,253,143,116,148,25,101,166,204,206,124,102,152,51,51,251,127,64,158,33,127,200,15,249,16,207,252,243,231,231,67,252,255,7
3,226,15,4,0,102,7,141,166,1,31,62,139,99,200,255,1,96,0,8,0,0,240,57,66,204,204,64,16,255,129,42,163,202,80,25,149,1,128,114,100,228,48,156,15,192,225,28,56,15,231,112,158,115,206,255,255,131,97,252,63
160,247,68,32,184,119,0,171,247,173,80,202,100,128,51,225,0,1,0,0,8,207,71,156,113,226,96,248,254,3,0,168,128,254,208,31,255,175,143,127,21,124,8,10,16,48,240,2,188,128,23,248,227,223,127,255,30,4,0,16,32
32,238,143,67,112,255,7,0,226,255,7,0,195,127,255,255,31,191,128,1,48,3,7,24,96,192,227,247,253,255,1,0,0,116,160,30,235,95,31,61,250,43,252,133,0,0,0,32,188,135,247,123,223,123,239,255,31,15,67,248,62
33,236,15,4,0,236,63,16,8,106,180,252,139,34,116,202,1,120,0,14,0,0,240,251,195,7,7,131,123,254,223,143,164,35,113,36,71,2,16,72,144,144,219,127,226,71,224,5,120,1,111,240,134,119,254,253,255,91,22,0,7
64,173,1,72,18,50,97,36,178,149,75,155,76,0,240,39,0,128,136,16,17,17,1,0,35,78,68,32,136,31,224,24,25,70,198,200,157,109,228,187,33,35,147,239,13,62,97,202,152,26,83,32,132,41,167,255,79,165,32,253,26
33,253,13,4,128,255,188,247,251,86,165,141,199,113,255,207,1,64,0,8,0,0,112,228,17,35,2,248,255,15,62,214,253,127,255,239,251,30,54,216,190,187,221,55,64,15,32,125,72,15,233,144,254,255,215,167,167,3,244,111,15
67,248,137,229,145,255,195,63,128,16,3,252,11,98,240,31,8,98,159,239,113,4,243,253,225,64,192,225,248,255,128,127,239,255,7,0,130,48,28,0,224,224,244,188,7,129,237,127,251,7,129,50,188,127,130,205,255,3,96,255,63
0,13,4,0,0,50,33,38,211,188,72,131,197,48,247,203,31,160,0,16,0,7,0,0,0,0,0,32,222,59,32,128,49,98,68,140,199,40,198,24,49,50,254,111,136,62,0,68,0,9,32,0,2,184,241,226,225,241,190,119,1
1,226,13,4,0,247,11,90,77,235,114,140,193,176,239,199,1,76,0,8,0,0,240,190,195,134,133,193,254,102,11,134,198,163,249,52,71,19,26,104,208,208,236,91,240,224,224,39,248,1,63,240,131,127,255,255,255,127,10,16,32
224,239,3,0,0,248,63,110,215,253,91,130,195,241,255,103,0,0,0,0,0,0,0,0,0,1,130,226,255,255,55,72,91,214,206,218,172,109,237,245,105,106,255,205,15,56,0,31,208,7,250,160,15,125,252,249,251,255,253,31,24
0,237,1,0,0,51,97,38,211,252,64,131,225,184,119,3,0,0,0,0,0,1,1,8,32,64,64,112,254,19,96,132,17,97,36,204,230,60,111,24,57,123,255,103,0,62,128,7,224,1,60,192,131,63,254,252,253,121,158,35,1
192,227,13,0,0,244,30,42,85,253,90,130,195,241,239,231,1,96,0,0,0,0,0,0,1,2,0,224,255,255,71,136,22,162,69,180,68,43,218,109,209,210,126,91,187,116,128,22,160,5,180,64,11,90,237,219,211,255,123,251,48
64,249,1,64,144,255,1,98,215,252,64,131,223,241,238,31,0,0,128,0,16,9,67,152,225,195,65,248,127,255,0,216,18,182,196,222,238,125,239,189,3,0,252,67,152,60,120,30,158,199,243,60,239,249,231,135,135,195,121,255,31
32,13,0,0,128,153,52,50,219,222,236,137,68,144,127,65,6,0,0,48,0,15,16,0,0,0,0,188,239,153,56,196,25,113,166,206,239,94,103,156,187,59,223,97,204,223,0,2,128,0,16,128,49,158,120,240,240,124,158,19,32
1,253,13,6,128,206,63,180,186,214,237,157,143,99,236,191,1,112,4,12,128,0,248,233,3,3,2,2,97,253,254,31,189,67,119,232,143,14,36,144,160,161,211,245,79,207,225,127,248,15,255,240,207,255,255,255,255,7,128,68,10
160,23,2,0,192,157,60,183,251,71,237,141,4,128,63,33,0,0,0,240,128,15,28,64,0,2,2,222,231,204,63,118,157,95,247,239,255,142,53,215,175,175,67,176,110,199,17,98,128,8,0,0,112,207,61,122,64,60,143,17,56
160,119,3,0,128,157,188,255,255,103,127,108,4,128,1,32,0,0,0,224,128,15,124,64,1,2,2,220,231,204,63,234,159,254,255,255,253,143,184,255,245,255,3,126,119,193,225,97,120,8,15,192,240,15,30,126,124,28,6,0,56
193,17,204,69,144,255,195,110,87,184,0,14,4,128,238,247,159,254,135,255,240,15,3,0,33,66,64,252,127,255,192,251,75,154,200,31,4,224,175,191,1,76,0,128,17,216,65,96,0,8,0,0,224,143,63,94,76,4,0,17,32
192,113,0,128,160,255,207,63,198,185,19,14,0,128,47,3,0,96,135,161,48,14,115,24,65,194,128,248,127,255,193,223,191,247,180,146,239,73,9,37,123,66,252,9,153,240,225,96,16,8,2,32,240,255,255,255,125,12,0,0,0
1,254,141,195,112,255,15,4,226,127,3,128,195,113,254,255,63,255,131,103,112,7,63,248,192,0,193,243,253,255,75,2,1,64,48,122,231,15,4,16,232,249,255,133,7,128,108,126,251,39,243,118,255,127,162,205,255,3,121,255,62
224,247,0,224,123,255,203,127,223,251,3,12,133,32,238,31,0,128,7,247,241,31,15,0,0,0,128,227,255,255,143,66,231,255,7,58,239,11,29,116,234,234,252,157,11,225,161,102,136,9,49,0,242,127,106,245,254,67,94,179,33
37,237,205,231,193,255,191,215,27,0,164,129,193,176,255,199,31,255,199,255,248,15,125,232,0,1,2,255,255,255,62,195,201,121,59,239,0,0,6,222,188,255,159,6,0,15,0,7,192,3,120,128,247,254,242,229,247,243,255,63,1
224,241,3,4,0,220,30,94,207,251,54,76,3,128,221,24,0,0,8,8,65,16,224,176,203,133,133,1,118,230,143,149,230,247,135,52,72,115,30,105,210,208,252,63,51,193,225,97,112,0,4,192,128,119,255,255,255,31,6,0,63
225,25,236,116,156,63,224,235,85,172,80,7,0,0,136,124,159,207,231,251,254,207,67,132,113,34,0,252,191,3,192,255,86,170,204,151,68,232,203,47,17,94,10,75,176,244,0,0,0,0,0,32,192,195,63,31,30,6,0,128,52
64,80,3,0,0,118,203,4,130,16,135,0,131,97,236,63,0,160,128,0,16,1,1,8,32,64,64,224,56,255,192,29,101,69,161,40,138,114,20,81,162,160,112,156,7,65,96,24,8,6,195,48,252,225,135,15,15,131,97,255,62
32,254,7,0,98,204,63,192,155,82,173,9,4,128,221,252,30,24,0,240,192,47,13,128,1,0,0,228,233,255,62,0,64,75,251,255,144,180,180,210,36,165,129,244,78,15,65,97,112,10,78,32,128,239,255,255,127,159,128,4,26
37,254,237,195,249,255,127,189,226,23,143,1,196,1,255,207,223,191,199,71,224,143,63,248,224,1,195,255,253,255,255,255,31,0,240,255,255,15,4,20,232,251,255,133,15,26,0,96,120,8,11,16,240,255,254,253,255,3,132,0,33
64,29,2,72,18,48,161,196,15,16,135,28,6,1,168,119,0,0,0,248,17,31,193,8,35,70,4,0,24,243,96,187,201,102,250,221,64,96,166,187,17,49,153,126,64,218,163,242,40,12,132,0,128,66,47,255,86,10,75,144,52
192,226,3,0,0,228,95,12,134,121,19,4,2,65,204,63,0,32,0,0,0,0,0,128,193,130,129,193,121,255,135,8,38,134,65,48,12,99,152,253,64,192,252,185,119,64,192,16,48,4,134,112,136,83,223,191,159,14,1,224,55
225,237,3,4,0,217,248,44,150,253,11,130,247,245,239,167,0,96,0,0,0,0,64,128,1,2,0,208,245,143,55,8,59,210,70,218,173,109,237,181,97,106,247,237,15,56,192,82,244,191,254,96,73,127,253,251,251,255,9,241,56
126,237,131,199,241,238,247,63,138,210,173,213,227,123,255,15,0,30,130,127,240,7,63,248,224,193,215,235,123,255,26,65,233,119,255,238,0,112,119,220,186,187,253,161,70,143,36,45,233,39,105,246,255,127,18,252,255,19,254,6,15
128,239,7,0,128,170,55,108,150,189,91,130,66,253,255,231,1,0,0,0,0,0,0,0,0,0,192,254,221,191,101,64,27,208,6,218,160,13,109,180,105,107,247,141,31,56,64,11,208,18,90,161,5,173,252,249,251,255,141,31,24
33,86,14,4,0,221,62,18,203,122,164,128,196,176,255,199,25,120,4,8,0,0,96,224,129,3,0,248,255,239,63,0,132,115,123,110,231,22,52,64,184,185,221,183,38,7,0,2,128,2,88,128,101,238,253,97,97,253,255,85,24
7,206,159,199,113,238,95,26,192,255,114,0,0,126,255,216,255,255,143,31,97,16,134,48,226,197,199,131,254,255,207,175,31,0,64,28,197,43,142,250,81,252,251,127,17,96,192,1,0,16,254,241,15,7,254,255,255,255,7,0,3
7,238,255,195,113,238,15,0,193,255,16,0,160,126,255,200,255,255,139,23,96,1,15,48,226,197,231,227,255,255,207,138,31,0,80,60,199,47,142,248,113,252,255,127,17,32,0,0,112,16,255,241,15,7,255,255,255,223,3,0,7
207,241,137,215,241,238,231,63,96,7,254,252,11,126,16,48,0,226,158,79,240,0,175,249,231,193,207,231,121,255,160,37,253,255,7,0,146,244,127,0,228,255,19,252,15,159,225,127,249,7,15,240,241,127,254,253,255,3,0,0,32
64,169,129,72,18,114,195,100,146,180,75,139,197,48,246,15,34,130,136,24,49,17,3,8,98,198,196,32,152,127,192,153,49,70,196,136,204,232,198,123,33,34,26,223,136,52,65,108,144,11,114,0,134,57,246,254,237,229,176,119,11
33,253,143,135,193,255,191,245,26,64,173,141,199,177,255,199,31,255,199,255,240,15,61,192,0,1,2,255,255,255,126,231,221,120,122,239,128,0,38,158,188,255,155,166,4,207,5,127,192,15,120,128,55,124,240,225,247,243,255,127,1
64,240,3,4,0,118,139,76,134,49,3,0,131,97,204,63,0,0,0,8,0,0,0,0,65,194,0,224,184,255,129,24,101,70,193,40,140,98,148,115,32,32,112,190,3,1,224,120,56,14,199,112,204,115,239,223,159,135,97,252,63
65,173,13,4,0,177,96,54,219,222,237,1,64,156,51,193,19,227,4,152,0,0,0,0,49,102,0,48,140,17,216,136,25,98,68,140,204,236,246,251,49,50,155,127,128,63,192,0,176,8,22,96,129,139,255,255,95,44,0,80,24
64,173,1,8,18,176,225,118,219,222,228,193,96,127,255,33,2,194,136,24,17,1,1,0,34,68,116,35,254,29,216,147,89,100,140,140,200,72,102,153,115,3,250,127,136,62,0,130,148,214,255,253,79,136,255,239,67,244,233,255,24
96,253,3,0,0,209,184,126,223,254,160,173,71,193,175,55,0,0,0,0,0,1,0,0,0,2,0,16,246,14,63,128,232,247,239,254,110,125,127,141,27,19,253,35,208,222,211,126,180,140,150,96,73,251,255,219,91,238,65,249,52
224,253,1,0,0,255,120,62,223,255,164,169,247,241,239,7,0,32,0,0,0,0,0,128,253,43,3,252,229,76,31,136,8,190,199,255,252,255,255,255,1,16,237,35,240,10,192,126,255,143,247,120,255,127,239,255,223,239,107,249,60
245,253,9,246,193,255,255,127,8,66,165,253,255,249,255,7,0,96,132,143,240,0,108,254,249,243,195,255,255,255,190,253,127,255,39,4,86,254,127,8,16,220,203,115,240,7,237,95,255,239,255,214,255,255,242,224,253,243,254,127,1
192,199,3,0,0,32,161,229,187,132,201,3,66,81,254,55,3,224,1,56,0,0,0,0,0,0,0,32,26,49,224,191,21,76,141,169,152,202,214,91,183,134,2,214,170,55,0,16,0,4,148,88,201,235,255,255,83,42,75,216,60
254,253,1,231,241,255,255,255,31,232,244,253,235,127,255,11,0,64,196,255,255,128,239,255,255,251,227,255,255,255,63,197,127,255,47,254,2,240,127,0,248,251,255,39,64,26,253,255,255,239,255,254,255,127,2,252,253,3,134,0,3
94,233,131,207,113,238,135,68,14,248,135,240,251,255,127,67,35,223,136,127,253,0,143,248,242,229,255,227,255,255,24,0,96,245,175,94,0,112,127,21,250,11,252,129,5,74,238,159,251,247,255,255,191,127,254,253,255,19,190,0,3
33,253,13,4,128,187,48,68,219,216,129,131,195,241,255,199,29,64,0,8,0,0,112,72,1,2,0,224,127,255,56,18,225,84,155,106,169,66,4,213,187,35,252,133,14,135,192,114,184,7,144,96,205,127,255,255,223,239,75,249,56
32,239,3,0,96,252,127,26,72,239,246,144,203,115,254,31,0,0,0,0,0,0,12,224,151,47,3,151,225,207,63,136,44,163,103,100,255,191,250,200,144,253,235,127,244,15,128,31,224,7,252,243,159,127,252,255,255,255,255,69,10
1,236,7,0,0,255,63,128,246,133,75,211,235,127,255,218,1,36,0,0,0,0,240,127,64,192,231,243,253,255,7,2,128,32,176,148,75,9,0,40,247,83,106,127,176,244,240,31,188,135,247,248,207,127,255,255,223,195,113,254,31
240,226,3,129,96,238,159,218,15,104,176,252,251,127,238,63,0,8,0,10,224,0,188,242,202,129,151,203,123,254,95,255,78,60,249,255,0,240,155,111,222,128,64,18,242,193,168,63,106,7,236,247,175,254,254,177,255,219,255,46,7
224,240,11,132,0,204,159,214,15,88,165,132,131,127,254,31,1,64,0,184,192,0,0,32,129,2,3,201,123,252,159,81,109,85,139,32,8,210,53,213,254,1,212,176,102,67,232,31,42,71,255,244,239,255,255,149,255,203,127,254,39
245,73,127,175,97,221,254,63,128,254,175,129,195,241,239,55,27,253,255,223,248,0,108,224,255,3,3,255,255,207,255,223,127,82,7,34,164,126,255,213,137,168,255,145,46,39,4,250,247,103,208,198,127,126,32,65,243,255,255,223,56
244,89,3,254,67,248,254,127,31,249,127,128,215,241,239,55,0,208,111,255,237,9,12,64,131,7,3,131,255,206,191,223,255,255,15,80,0,113,255,189,81,115,255,111,221,88,13,31,130,253,252,4,127,254,224,193,226,255,255,255,37
245,237,235,247,225,255,254,63,200,254,173,129,98,221,191,37,19,250,239,223,252,0,76,224,249,67,3,251,255,223,254,255,127,247,7,0,236,125,255,253,105,105,255,129,77,26,128,51,240,7,254,224,15,127,252,255,255,255,255,0,48
160,255,3,0,126,255,199,191,231,55,19,206,231,249,255,39,0,0,0,16,0,175,15,0,0,64,225,255,253,127,10,164,75,253,250,223,210,213,47,186,126,117,169,46,85,218,208,30,148,135,246,238,255,127,253,251,67,255,121,255,56
240,255,3,194,123,255,183,255,31,113,23,236,231,241,255,55,0,0,0,254,252,207,15,96,128,195,195,251,255,255,126,255,91,238,254,223,88,229,238,187,119,87,161,110,85,152,208,127,254,135,182,232,239,255,255,255,211,254,91,249,52
120,253,1,64,249,255,183,255,255,3,7,252,255,249,255,55,0,0,128,4,240,239,15,120,229,203,203,255,249,255,124,189,91,235,250,221,214,245,238,170,84,117,129,110,84,218,241,127,252,143,255,120,255,255,255,255,223,7,0,240,52
192,253,3,4,1,250,55,241,251,198,236,253,251,127,221,60,0,64,0,184,128,0,16,0,0,66,3,162,233,255,188,239,253,255,7,0,231,14,160,220,33,255,223,245,206,95,224,25,104,78,223,244,253,255,190,61,255,3,230,12,62
225,253,3,132,65,236,127,62,246,255,91,254,199,241,238,63,0,96,2,6,0,0,96,240,193,1,130,195,123,255,191,10,255,255,7,0,255,47,200,253,1,248,255,253,159,240,237,95,248,15,255,128,184,255,254,253,255,23,197,14,63
74,249,129,72,126,34,135,196,31,208,143,3,8,126,176,116,38,130,136,248,255,191,11,8,34,204,236,34,152,63,32,17,193,213,254,255,0,64,36,145,254,35,252,237,15,26,96,0,24,128,23,253,239,255,255,127,79,4,0,81,24
101,232,109,39,129,223,248,22,192,122,165,60,3,2,128,191,25,125,119,207,0,0,112,247,209,3,0,252,247,78,223,204,45,83,33,0,238,118,55,0,168,184,253,149,38,199,245,59,25,34,1,114,245,111,2,126,127,3,0,84,26
10,140,149,72,54,34,135,224,23,152,73,3,232,127,250,103,46,134,137,113,49,55,147,24,32,196,252,35,24,247,64,87,83,0,248,255,0,64,68,17,251,34,254,197,9,116,8,0,0,240,255,255,239,192,247,1,0,0,192,159,60
39,253,205,227,121,255,116,62,226,255,141,255,239,123,244,143,24,127,207,7,136,140,255,253,241,227,35,243,253,143,191,132,49,99,38,140,255,63,102,24,48,242,255,127,0,254,247,63,253,135,243,250,223,127,255,255,71,129,120,255,10
56,29,2,56,95,0,180,244,31,210,237,65,160,168,255,24,0,128,1,240,223,255,13,0,0,126,127,2,132,8,60,147,216,253,190,255,8,68,98,191,255,3,137,111,204,30,24,9,71,250,253,143,127,164,145,0,0,240,255,79,11
96,125,2,0,74,209,184,246,31,218,228,13,5,0,255,30,0,0,0,248,201,159,8,0,1,34,0,16,255,12,62,137,197,111,255,255,64,32,246,219,177,176,219,127,32,231,145,116,32,0,0,0,192,215,255,191,147,76,83,160,39
32,127,7,0,74,217,56,52,251,223,173,89,239,1,253,252,0,0,0,0,0,159,14,0,17,34,0,16,247,14,63,136,5,98,243,237,255,255,246,219,177,176,217,127,32,135,145,116,108,141,164,64,192,87,255,255,147,72,87,160,39
0,232,3,8,2,0,131,96,26,208,205,167,195,253,239,103,2,128,0,56,16,1,1,0,32,76,92,32,8,113,8,0,224,53,173,162,0,88,81,69,187,11,222,65,234,183,135,255,225,23,124,195,7,30,248,244,255,251,255,51,1
72,249,129,192,176,102,131,102,27,248,137,195,227,127,255,7,0,2,128,56,112,3,19,24,32,192,253,227,253,255,64,213,85,84,188,174,136,80,87,85,187,3,252,133,10,55,120,14,158,251,255,254,255,255,247,0,204,129,184,127,10
33,253,79,7,128,221,188,68,154,216,141,155,223,115,236,255,29,120,4,8,0,0,112,244,129,3,3,212,245,206,127,85,21,69,249,234,170,90,85,81,170,34,244,213,15,231,255,219,56,94,223,49,140,225,190,93,127,7,65,220,62
74,249,129,192,176,255,131,228,31,144,9,215,235,127,255,11,0,2,128,249,251,22,247,61,96,192,237,225,184,127,0,85,245,255,173,170,0,80,87,17,187,34,124,197,10,53,248,31,254,207,255,252,255,255,255,207,205,0,128,119,1
32,237,13,4,128,170,53,96,155,220,201,195,250,127,255,224,1,64,0,8,0,0,48,12,0,0,244,179,255,29,120,177,17,104,140,141,208,200,70,27,247,55,2,255,136,63,160,7,235,101,191,247,187,95,122,245,254,18,222,0,32
74,249,129,236,17,255,161,228,31,144,9,247,235,127,244,10,0,66,205,233,255,0,241,127,115,230,198,32,220,59,160,151,241,255,159,4,73,64,0,25,119,3,152,127,0,62,248,23,254,253,255,252,235,255,255,5,236,0,128,51,32
0,239,5,0,0,115,65,44,246,181,75,195,235,127,255,200,1,0,0,0,0,0,32,132,48,32,236,117,156,15,64,132,3,225,104,188,198,185,126,24,112,252,251,127,0,48,224,7,252,135,255,255,207,127,255,255,255,124,30,48,0
65,233,91,236,8,241,192,116,154,210,141,129,193,48,255,3,49,235,205,186,89,0,192,44,179,102,33,16,172,15,216,223,253,102,139,40,136,66,150,221,179,32,220,183,2,71,144,8,32,250,255,125,231,170,255,83,17,169,42,116,10
101,189,76,36,128,17,176,102,91,216,128,31,141,34,116,203,57,97,70,136,0,8,224,142,255,34,0,16,190,0,8,141,96,103,238,140,70,112,102,8,16,16,216,119,128,255,59,140,0,211,96,13,6,176,251,128,129,193,190,119,3
67,13,220,110,0,241,224,53,146,212,141,3,253,35,84,138,51,243,221,140,8,128,192,12,55,239,35,16,204,15,248,187,21,4,204,172,204,234,214,91,179,2,90,247,138,55,4,232,141,186,81,19,20,32,128,110,5,129,172,87,10
97,253,204,38,128,187,48,68,219,216,129,127,13,2,16,200,25,113,68,136,8,0,240,207,49,35,0,56,207,9,52,154,233,102,222,204,205,68,162,153,19,17,153,111,64,222,251,111,156,136,3,56,192,187,255,255,13,0,0,113,0
74,13,154,92,16,34,131,229,26,144,141,151,2,126,168,53,33,194,153,120,95,0,145,9,34,76,253,35,136,85,136,55,249,221,134,200,137,76,100,145,127,35,145,229,13,222,44,26,2,100,209,22,189,232,162,1,252,3,105,221,60
7,136,236,231,176,127,195,46,192,188,64,255,235,62,114,131,25,103,239,67,48,4,243,255,251,192,192,112,190,51,192,223,23,1,160,134,238,122,87,0,186,26,254,1,160,117,62,30,1,242,243,63,31,40,128,198,197,225,120,255,10
3,188,204,5,128,119,1,68,211,188,9,255,207,34,224,207,125,111,6,136,0,0,240,191,247,2,0,96,188,55,1,4,1,71,236,169,142,250,93,16,34,34,82,221,11,245,123,231,24,24,3,49,128,129,127,204,204,4,128,51,1
3,172,253,65,152,119,1,128,243,157,73,27,205,35,244,207,95,63,135,161,48,14,115,124,33,194,64,252,253,255,64,222,147,0,240,158,239,9,0,24,51,50,126,207,136,244,127,158,24,159,243,49,14,160,231,207,207,131,97,255,31
1,240,141,5,128,111,3,64,67,120,128,156,207,115,238,223,27,110,4,136,0,0,96,184,225,2,0,232,123,255,10,0,0,35,234,68,70,244,63,0,0,16,253,42,112,202,251,255,152,27,115,49,7,169,255,255,205,229,0,119,10
65,189,136,68,16,255,161,100,147,156,9,143,197,32,246,15,16,70,132,141,176,8,99,216,97,195,66,96,255,191,32,128,224,231,238,204,64,112,102,8,48,51,187,111,192,254,161,102,40,9,33,16,240,127,127,254,213,0,26,50,1
33,253,13,4,0,255,255,243,56,70,252,133,195,113,254,223,1,96,0,8,0,0,240,248,1,3,0,128,255,255,255,175,220,33,61,229,66,26,82,8,148,215,203,127,240,183,32,126,136,7,241,16,255,255,255,255,223,3,122,255,7
11,232,143,197,16,246,131,68,146,184,9,255,255,127,240,218,33,102,136,9,49,16,243,61,247,238,229,97,188,55,0,0,224,231,149,140,207,72,2,25,51,18,120,95,0,52,192,105,248,7,255,240,143,127,254,255,255,159,129,4,31
75,249,133,193,112,255,135,110,215,189,72,179,223,119,236,255,1,126,128,7,112,0,207,249,231,207,199,227,121,255,128,26,176,246,199,0,237,111,192,253,3,0,252,221,187,52,112,184,190,199,243,125,239,251,239,15,11,6,1,255,63
64,237,11,4,0,224,39,38,211,252,64,131,66,209,174,247,1,96,0,8,0,0,0,0,0,0,0,64,122,251,37,72,241,82,70,138,165,44,229,148,41,106,255,193,141,62,192,26,176,30,214,97,13,107,255,255,255,255,97,221,62
63,253,205,231,113,255,199,126,130,248,129,253,235,127,240,74,40,31,202,207,249,148,255,255,243,193,231,243,255,255,200,159,31,97,248,108,202,112,6,0,50,48,248,255,0,7,239,255,255,255,255,246,191,127,6,44,252,7,128,0,3
1,200,15,4,0,112,0,4,130,248,133,140,64,144,238,231,23,96,0,0,0,0,80,0,1,2,0,0,188,55,0,0,161,70,208,8,141,32,132,89,32,32,252,183,0,195,211,176,48,20,134,97,8,67,175,255,27,174,67,240,60
55,237,253,231,249,255,7,68,195,248,129,216,237,58,116,203,189,127,207,15,248,128,255,126,242,229,231,243,255,255,192,215,31,0,160,12,202,80,7,25,250,51,252,7,0,160,255,255,255,255,255,255,159,0,0,4,4,0,6,0,1
26,239,151,203,119,238,15,192,190,119,15,8,252,1,255,248,102,159,136,55,243,183,143,120,230,237,255,227,249,255,11,0,128,228,250,255,217,79,174,251,247,35,184,254,0,8,129,193,248,191,255,192,0,71,254,255,255,255,7,0,52
24,127,151,203,127,246,7,196,191,247,15,8,255,1,255,222,54,30,136,51,241,255,143,56,226,238,199,227,252,255,8,0,129,100,248,253,223,79,6,251,247,51,120,254,0,0,73,225,250,95,250,0,32,245,254,33,252,247,133,15,55
64,232,7,0,16,34,135,192,27,200,228,129,224,252,255,195,7,2,128,24,16,1,1,8,32,80,220,235,123,241,32,144,64,52,184,214,72,64,99,173,223,3,236,3,240,62,0,4,192,19,253,209,15,252,250,245,255,251,255,47,1
33,255,15,6,0,221,60,157,174,119,31,124,143,99,192,222,17,96,0,8,0,0,240,228,1,3,0,144,245,206,127,26,139,198,210,216,141,13,140,179,97,97,177,255,29,152,225,125,120,15,231,112,206,119,223,191,191,203,114,224,7
117,93,74,254,65,187,244,119,155,218,173,221,199,113,254,15,17,208,205,254,217,8,216,108,177,103,3,178,255,143,188,223,253,255,23,0,193,4,0,152,50,51,255,247,4,159,29,255,207,7,0,2,127,124,128,192,195,243,255,255,10
216,255,129,192,126,254,135,202,95,248,48,240,251,255,31,24,0,6,128,121,255,199,7,184,248,192,253,251,254,119,0,201,192,178,248,255,64,32,139,255,17,248,255,3,48,0,120,30,191,231,247,255,255,255,239,7,2,0,113,255,63
33,239,79,6,0,221,60,140,174,55,31,252,159,99,200,255,29,112,4,8,0,0,240,245,1,3,2,196,225,238,63,32,137,75,115,105,159,167,164,146,36,165,17,254,15,203,215,255,176,31,246,97,13,0,253,255,219,255,99,244,30
152,255,129,192,254,238,135,230,223,248,0,227,249,255,127,64,0,2,128,120,255,69,7,152,248,192,253,251,127,119,0,208,144,244,252,190,233,75,203,125,251,2,254,65,152,52,104,31,223,255,255,255,255,255,246,1,236,3,252,15,63
72,61,0,74,91,186,181,236,31,176,75,223,207,99,252,31,0,16,0,252,249,22,249,248,34,69,198,3,253,255,52,149,91,237,254,223,136,244,110,145,118,35,184,239,13,222,63,222,15,255,241,0,224,240,195,1,134,66,253,255,55
10,190,20,8,126,48,65,44,242,181,75,191,223,115,236,63,0,0,0,0,0,191,171,217,119,141,204,66,144,191,33,2,145,73,117,237,223,15,0,80,165,246,83,255,138,247,127,254,159,247,243,63,15,64,0,11,3,230,225,255,63
97,125,95,37,0,81,216,63,192,218,164,1,52,132,5,152,187,225,111,138,0,0,96,132,155,34,0,16,166,0,202,255,29,32,209,172,205,42,146,91,145,176,88,119,34,39,228,224,255,175,71,122,212,39,14,62,29,13,0,64,30
96,205,3,28,0,0,160,213,31,80,133,124,8,14,16,112,1,0,0,248,223,0,192,1,7,14,0,4,128,0,30,17,233,125,186,73,136,84,36,145,62,3,145,164,68,94,172,1,104,104,237,214,254,118,26,52,180,3,254,0,15
71,13,220,4,0,51,192,54,201,250,160,221,237,50,240,203,57,99,4,8,0,0,224,141,255,3,0,48,140,1,192,189,27,41,224,157,222,249,127,8,84,118,10,126,144,56,2,192,150,218,82,33,5,128,183,74,73,181,128,85,10
15,188,252,231,184,255,195,127,3,248,1,0,205,33,244,223,255,255,223,207,113,28,231,188,243,198,193,225,252,127,192,255,31,0,248,126,130,112,63,16,250,33,252,133,4,10,0,96,158,203,115,32,228,253,247,15,13,133,128,127,11
79,200,255,199,49,254,199,28,130,120,135,16,222,71,128,191,121,255,222,143,243,48,231,253,255,207,207,225,184,255,200,189,15,1,232,125,138,240,127,0,50,0,216,190,0,3,128,144,48,28,255,113,8,67,254,255,255,15,67,128,63
15,188,252,231,48,255,3,64,142,120,135,0,136,98,240,223,255,95,206,235,121,12,247,189,243,194,193,241,188,127,192,189,15,0,96,12,198,247,62,0,48,240,249,254,0,1,0,96,190,71,3,52,244,255,239,5,220,3,0,244,11
7,236,205,225,184,119,3,0,227,59,0,84,171,122,240,218,189,111,207,227,121,158,247,255,114,224,228,113,254,55,1,0,160,235,53,12,255,11,0,24,48,244,122,95,0,33,96,64,56,138,247,48,196,127,255,255,223,7,0,244,31
71,0,252,239,0,112,192,61,160,49,15,2,220,241,238,231,255,255,222,11,0,0,96,144,247,2,0,240,188,127,193,191,15,0,64,25,157,225,140,251,32,100,16,190,7,0,6,224,255,127,2,35,16,0,0,8,8,4,1,216,62
32,239,7,0,128,204,31,34,89,254,240,131,66,253,175,231,1,32,0,0,0,0,48,128,0,0,128,255,127,254,127,200,21,114,69,174,229,42,215,92,185,250,255,1,34,39,192,7,240,1,62,224,11,223,252,249,255,255,159,19,32
200,239,131,199,241,238,223,61,162,49,15,198,97,254,255,128,1,254,131,7,240,0,63,120,224,193,255,255,121,255,135,52,97,237,167,9,218,223,126,19,254,7,0,254,11,224,224,1,88,0,11,244,191,255,254,253,255,19,132,0,8
8,239,143,195,113,255,199,189,162,20,15,143,131,113,255,159,5,254,205,7,176,2,159,124,224,231,231,243,253,255,225,119,31,68,144,9,187,79,4,51,255,35,16,252,15,252,161,31,40,8,237,80,208,127,254,255,255,11,126,0,39
65,237,15,0,0,249,48,44,150,181,75,223,175,99,244,222,1,48,0,4,0,0,200,84,119,239,2,2,213,143,53,186,147,238,221,189,221,11,202,251,81,114,58,127,144,240,211,221,116,159,238,225,12,35,255,255,187,223,3,192,31
52,125,192,230,121,255,53,82,89,218,224,205,167,40,255,10,8,219,199,255,252,142,127,252,176,65,99,251,255,223,62,131,224,243,127,236,65,0,130,216,17,252,255,127,64,207,185,127,8,9,32,0,240,255,255,247,247,67,126,242,7
1,253,12,2,64,185,116,46,215,189,90,11,143,97,252,222,16,48,0,0,0,8,232,196,19,3,2,18,253,143,116,150,155,224,254,220,207,13,10,184,115,115,251,127,208,24,32,60,12,135,225,24,206,244,215,167,135,195,244,239,7
0,190,196,0,156,55,0,138,245,175,80,2,112,188,55,193,12,7,0,0,0,199,51,156,112,224,240,124,159,3,32,128,128,170,84,149,255,175,202,58,85,126,10,78,144,60,80,0,188,128,23,252,235,255,255,255,8,4,0,48,32
37,252,77,4,128,255,8,10,199,121,16,252,103,152,119,193,17,96,0,8,0,0,240,254,249,163,1,248,255,6,11,206,230,247,241,62,239,51,10,40,80,248,252,11,48,128,241,103,252,137,63,112,243,255,255,255,221,36,0,49,0
8,13,144,76,18,114,1,32,211,188,72,7,129,48,247,75,63,134,143,249,49,31,131,8,34,68,68,32,156,51,32,128,240,227,4,140,196,56,198,24,49,114,58,127,128,180,0,44,0,3,96,0,6,188,242,228,229,241,188,103,11
10,232,159,65,16,242,3,4,194,253,3,2,131,115,238,255,35,174,136,17,49,17,131,24,226,198,197,97,248,255,0,0,0,96,0,12,205,67,158,123,243,240,120,254,0,32,64,24,16,6,194,112,143,251,239,223,223,239,65,252,63
0,237,143,64,16,114,1,2,211,188,0,15,129,32,255,207,47,231,203,113,57,151,3,8,32,192,228,96,190,51,0,128,1,96,0,12,199,9,70,56,113,114,254,79,0,244,1,92,0,10,64,0,4,125,254,253,255,247,253,239,15
64,249,133,64,48,255,7,98,215,252,64,3,207,115,238,255,0,6,128,1,48,0,3,152,227,199,195,227,127,255,32,16,16,38,196,156,206,123,255,57,19,2,252,127,152,52,112,24,28,199,243,61,239,249,255,207,11,135,97,255,63
32,13,4,0,140,27,224,183,251,222,237,129,64,152,55,1,30,162,199,240,16,143,1,0,0,0,0,188,207,17,248,223,29,80,134,238,239,94,119,221,187,43,223,129,206,95,16,2,128,128,28,207,115,142,57,114,64,124,158,17,0
128,127,192,242,255,255,37,46,247,191,88,143,199,129,238,55,30,146,167,247,254,255,127,136,1,2,0,252,123,251,240,254,187,255,246,215,255,15,193,175,9,94,135,65,221,254,255,255,191,255,130,0,0,128,5,9,10,206,65,254,55
32,175,1,32,140,17,176,247,251,6,237,3,64,144,63,33,30,128,71,240,12,239,16,0,0,2,0,188,135,0,56,235,221,127,255,239,245,142,243,222,189,191,3,96,238,31,0,2,224,0,30,224,241,159,126,248,252,124,142,17,32
245,119,122,190,205,153,248,187,125,239,252,13,6,193,136,62,223,217,127,254,207,207,120,192,1,2,0,156,71,136,255,254,190,187,71,244,127,175,251,238,209,223,235,123,249,188,241,120,60,6,131,120,236,227,159,31,15,6,0,200,63
63,254,252,227,255,255,191,255,255,0,1,12,0,128,29,216,255,159,199,255,255,143,63,252,240,129,227,255,255,255,127,255,31,0,248,255,231,15,0,24,248,255,255,135,0,161,48,32,255,7,1,254,255,127,3,190,7,0,0,0,39
192,192,15,0,0,64,30,20,138,122,165,0,2,71,136,247,1,0,0,8,0,0,0,0,0,0,0,0,96,238,31,8,244,10,69,160,5,42,208,67,129,134,66,223,170,37,192,34,176,0,22,97,1,11,189,126,91,188,10,16,24
