0,1,2,3,4,5,6,7,8,9,10,11,12,13,14,15,16,17,18,19,20,21,22,23,24,25,26,27,28,29,30,31,32,33,34,35,36,37,38,39,40,41,42,43,44,45,46,47,48,49,50,51,52,53,54,55,56,57,58,59,60
160,247,15,0,128,17,56,253,190,7,15,14,4,128,255,7,0,0,0,0,0,0,112,0,0,2,0,28,132,0,63,250,159,254,215,255,253,15,128,255,127,79,0,0,17,24,0,0,0,0,0,0,240,127,254,255,255,227,127,255,0
96,253,1,4,0,243,192,86,203,122,160,128,197,48,246,11,0,96,0,8,0,0,0,0,51,102,0,32,254,23,136,153,104,38,194,68,76,100,162,187,16,17,185,126,80,10,129,110,160,11,116,64,135,250,255,255,215,235,122,242,3
65,125,11,4,0,241,32,44,150,189,75,11,135,97,254,95,1,0,0,8,0,0,64,128,1,2,0,64,252,175,165,148,115,229,164,156,202,121,78,57,115,114,122,255,9,244,33,92,8,15,225,16,206,241,199,143,135,195,241,255,31
97,253,13,4,0,255,224,14,199,249,16,140,197,48,247,11,0,96,4,0,0,0,96,252,241,163,3,240,255,15,247,153,11,230,194,92,204,117,254,185,80,112,249,127,80,152,97,108,28,11,99,48,230,255,255,255,143,133,128,103,11
39,141,255,67,123,250,53,0,235,255,133,1,193,112,255,207,255,191,207,231,145,159,255,120,32,65,70,34,255,255,124,158,155,0,240,220,255,15,0,152,113,115,187,255,0,94,18,13,0,208,249,159,15,144,243,231,131,241,255,111,3
199,3,255,191,1,64,222,61,160,247,31,2,0,241,238,183,255,255,255,255,227,0,112,161,5,2,0,132,0,238,223,127,63,72,5,8,149,139,220,115,229,230,82,220,15,229,2,18,0,20,144,99,13,72,32,219,219,255,107,253,60
0,237,135,64,80,250,231,42,80,252,88,11,133,1,254,223,30,166,135,1,16,31,11,136,97,194,192,96,253,255,224,158,27,32,196,212,207,125,238,169,17,83,255,111,208,62,1,64,88,11,107,0,128,127,254,255,255,151,132,6,11
74,233,3,68,0,242,71,36,146,245,79,15,135,97,236,31,0,192,136,24,49,17,129,8,103,206,198,32,152,255,160,24,181,206,5,8,157,235,220,243,35,32,112,255,15,245,225,9,112,10,78,224,132,111,254,255,255,159,128,0,26
37,254,205,39,193,255,60,66,223,251,48,128,228,249,255,195,159,127,68,14,192,0,72,244,209,163,3,255,255,207,63,0,0,178,201,254,236,103,255,253,89,216,252,3,48,0,0,0,240,139,254,224,207,255,255,255,251,255,1,112,1
24,239,3,192,113,238,183,98,31,248,240,199,98,254,255,33,0,0,0,120,240,7,15,80,224,193,247,227,255,255,53,193,72,48,123,254,96,20,127,252,249,251,255,3,240,75,192,7,240,17,191,241,143,223,255,255,255,127,135,0,32
64,205,15,6,65,250,245,52,138,214,141,85,171,127,213,152,1,114,136,12,144,0,136,72,50,109,110,35,205,159,188,18,233,246,6,72,137,76,164,189,35,35,189,229,76,222,227,27,64,18,79,241,140,39,190,255,127,155,166,68,30
53,252,77,3,200,223,56,16,235,94,164,253,255,123,255,199,157,27,0,0,64,142,245,111,144,96,97,185,239,77,26,0,128,54,211,102,239,14,147,221,152,152,252,19,98,199,191,255,172,7,177,89,143,248,235,215,215,3,127,255,52
195,227,153,92,0,34,199,45,48,133,91,3,194,115,238,183,127,230,159,123,49,0,0,128,32,64,196,96,24,255,128,109,115,219,5,128,150,185,93,32,65,254,50,205,155,52,0,84,136,109,255,16,187,127,234,213,255,67,127,251,53
37,126,108,2,204,13,56,192,251,66,164,253,231,40,119,202,220,25,0,96,0,238,252,127,0,0,0,188,103,196,30,0,192,114,123,239,193,6,128,220,176,189,223,182,102,199,255,95,232,155,125,0,128,62,251,246,245,161,62,117,10
11,140,252,66,150,34,229,231,48,132,72,7,0,62,48,192,235,115,186,68,16,116,169,203,126,65,252,38,9,153,112,191,82,1,252,191,0,24,66,0,21,86,10,95,152,52,0,32,73,1,0,251,147,30,82,254,252,16,158,3,1
1,168,253,5,128,2,1,128,166,17,7,0,68,144,102,199,255,127,4,8,0,0,112,1,1,2,0,100,0,187,32,0,128,72,218,73,157,4,164,151,38,37,145,164,7,11,0,0,168,9,53,80,211,63,123,254,245,8,62,48,1
26,246,133,193,246,102,135,228,22,180,75,87,3,126,249,56,12,6,155,117,179,247,191,89,96,192,252,99,24,255,96,70,23,64,52,186,187,27,68,16,239,234,118,197,11,245,224,57,120,0,9,240,255,127,255,255,255,3,132,0,31
72,253,3,0,118,34,135,102,159,252,73,67,36,136,127,8,0,0,0,48,16,247,15,0,0,64,252,35,126,209,56,81,83,212,188,255,136,72,77,53,255,35,182,197,15,124,209,65,116,152,142,32,64,199,255,255,59,156,1,0,62
64,253,1,76,18,98,135,228,31,248,141,175,4,128,34,39,0,0,0,248,49,17,1,8,34,70,68,32,122,255,32,17,89,68,190,219,136,72,100,177,111,3,180,237,13,190,225,114,184,4,134,96,136,203,127,221,222,14,1,176,52
64,141,135,0,18,242,231,62,144,252,79,131,228,176,127,131,2,162,194,16,0,159,11,128,48,64,224,112,220,31,224,223,31,64,88,138,164,40,197,253,41,42,254,197,13,62,192,163,241,0,30,227,17,15,60,254,123,252,142,0,8
24,198,7,2,247,238,55,192,31,132,236,131,195,241,255,119,14,22,1,116,176,127,63,72,0,0,210,239,123,255,52,0,192,29,255,255,0,2,16,197,190,131,197,48,238,199,239,151,96,20,140,197,8,132,62,49,254,27,207,0,52
79,205,159,207,83,248,247,52,154,214,143,113,187,111,208,254,123,95,152,92,219,48,137,233,247,77,239,3,201,223,60,8,41,67,98,72,214,254,255,144,32,181,211,255,14,31,230,249,255,183,239,251,158,6,0,190,63,27,230,0,63
218,137,192,253,123,247,195,111,146,180,75,255,255,51,228,15,0,6,205,175,249,154,223,125,243,255,195,96,252,255,160,221,247,247,197,136,142,122,223,81,35,34,126,223,139,53,127,223,255,255,255,63,127,160,0,0,0,224,248,255,11
33,253,239,6,128,187,48,64,219,222,237,63,14,67,136,254,255,115,0,8,0,0,240,79,33,82,0,56,79,145,56,0,0,119,238,206,238,252,119,0,59,11,223,97,204,255,243,124,56,12,135,112,136,195,255,255,31,2,67,248,63
55,61,252,107,91,251,240,30,193,249,0,252,239,49,246,3,24,23,198,197,253,221,239,254,255,35,0,112,255,11,52,140,106,231,234,92,70,117,46,136,16,113,189,47,80,154,223,255,255,255,184,3,19,0,0,192,192,252,223,187,32
24,253,3,192,115,254,159,90,31,248,240,140,7,0,255,7,0,0,128,247,249,223,15,248,224,193,199,227,255,255,37,201,85,242,255,255,0,32,255,252,49,248,255,87,0,167,225,127,248,7,14,224,128,255,254,253,255,31,134,0,0
8,239,131,192,114,254,7,4,238,255,15,152,207,97,236,63,0,0,128,16,112,63,15,56,227,199,199,227,249,255,0,8,1,194,209,252,255,111,254,251,1,240,251,255,15,32,240,31,252,135,255,249,207,127,255,255,191,31,3,0,63
39,188,252,71,144,191,97,42,97,173,112,255,3,50,118,195,157,119,231,205,176,12,249,222,105,3,0,120,127,187,240,254,26,33,36,132,127,61,107,8,80,90,175,107,240,252,255,191,128,17,0,233,3,128,127,250,192,124,158,51,1
202,205,243,250,127,168,117,189,186,23,143,1,6,193,170,55,126,159,223,247,251,255,79,72,37,75,2,38,201,223,188,58,187,207,6,89,159,237,236,179,103,101,145,236,15,218,255,243,255,188,159,235,9,0,8,126,122,62,71,0,60
24,95,2,8,127,176,52,212,191,86,173,77,6,0,249,52,2,128,8,240,219,255,15,0,2,111,14,2,192,157,60,2,205,74,251,255,133,6,180,210,161,181,211,246,14,207,209,113,116,140,4,64,64,71,63,255,19,28,71,0,60
3,253,205,102,217,191,33,64,159,248,9,159,207,115,244,79,61,23,196,236,249,142,249,252,49,99,66,112,255,159,48,0,224,247,238,220,0,112,111,0,50,51,255,111,0,30,56,12,142,255,251,157,239,252,247,133,133,193,252,255,15
64,237,9,4,0,254,231,102,211,252,200,139,197,48,247,11,0,64,0,8,0,0,0,8,227,199,71,35,254,255,216,153,114,166,196,148,76,121,238,185,19,18,250,127,208,60,225,103,248,9,63,240,131,31,255,255,255,95,22,0,1
165,255,69,3,233,255,126,62,235,255,160,237,227,249,255,195,24,57,64,6,0,140,111,252,241,35,35,251,255,207,254,204,29,49,97,238,238,255,127,8,152,248,255,19,32,199,243,191,244,135,254,249,79,255,255,255,219,252,27,115,0
97,253,9,4,128,255,48,118,219,222,160,141,199,113,255,79,1,64,0,136,0,0,112,12,1,34,0,248,255,13,152,152,117,102,197,172,204,106,214,89,177,176,254,87,32,103,49,92,8,143,225,16,254,255,227,199,135,195,254,255,15
37,254,77,38,129,223,60,144,235,78,164,237,231,185,255,195,17,121,0,12,128,0,112,110,145,35,3,254,255,140,62,194,132,50,211,110,237,14,144,221,153,184,221,17,98,199,241,31,176,137,254,224,231,255,255,255,251,253,27,113,0
15,230,191,195,240,238,7,128,96,7,126,3,10,127,232,255,255,126,155,7,32,6,255,251,224,193,223,227,121,255,193,254,159,0,112,185,255,15,0,18,37,254,19,253,143,245,226,31,120,16,255,241,143,103,255,255,255,3,2,0,62
0,237,7,0,16,170,37,164,178,148,205,151,10,123,248,245,1,34,0,0,0,0,177,201,32,65,206,34,201,187,48,6,185,65,54,200,131,13,100,144,97,111,179,237,77,222,96,59,216,6,219,176,157,111,190,125,255,3,132,13,30
64,137,27,204,1,224,183,80,27,216,173,1,131,113,254,95,39,218,137,252,241,3,0,0,0,68,71,3,120,255,188,16,228,109,135,0,8,66,112,209,247,3,216,255,238,39,0,12,0,95,248,133,47,252,240,129,247,243,255,255,7
33,253,204,4,128,255,32,2,211,188,64,207,229,48,119,195,25,115,68,0,0,0,112,254,49,99,32,252,255,11,48,128,128,179,254,222,239,61,107,140,25,91,191,35,208,222,241,103,252,1,55,112,227,159,255,255,220,96,26,51,33
33,237,141,2,0,238,55,0,219,254,141,223,199,113,254,231,1,50,0,0,0,0,121,120,32,65,194,227,127,255,48,0,8,99,102,204,230,61,111,144,48,121,255,239,68,222,227,127,248,13,191,240,138,95,254,253,255,27,150,0,37
0,230,7,0,48,238,15,2,69,239,112,130,211,245,238,247,1,4,0,0,0,0,0,16,224,192,193,227,123,255,1,64,48,146,69,178,36,43,217,100,9,254,255,129,191,52,192,31,240,7,254,224,143,127,254,253,255,255,1,152,60
176,119,2,162,239,221,60,254,255,255,50,204,71,128,255,3,0,0,64,246,236,255,78,100,209,163,35,223,247,206,63,200,31,242,255,255,239,111,255,253,217,248,255,9,49,192,209,127,244,11,20,0,64,255,253,251,219,252,11,49,0
224,253,1,4,129,255,126,62,223,255,128,136,231,241,255,7,0,64,0,12,128,0,0,96,193,195,131,255,255,255,191,216,45,118,199,110,236,110,255,253,187,184,252,1,0,7,192,95,240,15,254,224,15,255,255,255,251,255,27,49,0
64,224,139,196,0,246,195,28,130,120,7,132,3,115,238,63,1,226,136,11,112,0,0,56,227,198,197,225,56,255,128,25,103,198,195,8,140,96,188,251,0,32,240,190,7,193,224,28,48,0,199,112,143,123,255,255,223,143,3,240,63
225,253,9,4,128,255,48,102,219,254,128,203,100,152,127,193,1,64,0,8,0,0,64,252,241,227,35,250,255,15,52,218,225,246,214,206,237,45,131,253,25,24,252,3,0,126,225,71,248,9,63,240,227,255,255,255,255,4,0,48,32
65,253,141,4,0,246,3,36,146,188,11,159,207,115,236,223,17,98,0,8,0,0,240,152,97,66,0,96,248,255,192,29,17,71,228,136,142,120,92,16,33,34,122,255,11,244,113,126,152,15,243,48,239,249,231,207,207,131,113,255,63
0,239,3,0,0,238,39,34,81,236,240,131,195,113,255,15,0,32,0,0,0,0,0,120,224,193,195,227,255,255,32,130,145,96,20,140,193,8,70,248,245,255,251,255,0,52,224,31,248,7,255,240,143,255,254,253,255,31,132,0,3
1,248,5,0,128,239,7,225,48,132,201,135,195,113,238,127,0,0,0,0,0,0,112,128,0,0,0,252,121,255,32,86,144,21,180,130,43,8,65,4,43,10,254,129,142,127,0,30,128,7,240,0,255,248,227,199,199,227,121,255,63
224,241,3,132,129,255,159,94,207,251,7,140,195,241,239,39,0,64,0,254,240,0,0,96,225,195,131,255,127,255,159,89,231,255,7,0,172,243,255,253,107,8,252,129,31,192,193,63,240,7,16,224,143,127,255,255,255,255,123,251,48
1,252,13,4,128,255,39,225,56,6,237,143,199,113,238,127,0,0,0,0,0,0,112,248,225,195,195,227,249,255,48,14,241,67,116,136,135,8,128,16,32,224,255,255,15,127,224,31,248,15,255,240,255,255,255,255,255,3,0,196,31
224,121,0,4,0,244,158,222,31,120,23,140,199,241,255,39,0,0,0,248,224,15,0,0,0,2,0,224,255,255,31,217,206,246,251,255,0,96,187,253,218,81,253,43,117,136,1,126,128,15,240,0,47,248,224,193,195,255,127,255,32
224,249,3,0,96,254,159,94,31,249,18,136,199,241,239,71,0,0,0,0,224,15,15,120,225,195,195,251,255,255,103,145,78,164,250,255,0,112,251,237,211,17,252,59,240,136,193,127,240,15,254,96,128,127,255,255,255,255,1,16,56
160,255,5,0,248,255,63,191,255,31,1,206,100,144,191,33,0,0,0,0,128,143,79,120,225,227,195,255,255,255,62,232,31,250,71,255,255,239,255,255,61,252,31,134,0,136,225,103,248,9,63,112,192,127,255,255,255,15,2,0,32
65,232,143,199,17,238,199,60,130,252,15,3,0,244,238,191,1,126,128,15,112,0,113,248,225,195,195,227,121,255,192,31,31,64,64,8,142,120,252,16,32,32,252,253,15,116,224,1,120,0,143,240,191,127,254,253,255,15,2,0,63
192,207,7,0,66,248,62,173,182,55,31,10,135,97,220,222,2,48,0,0,0,1,10,0,211,175,131,194,245,239,55,184,135,238,215,253,221,239,254,251,117,116,48,254,17,32,192,25,112,22,206,225,14,103,223,255,187,223,3,64,31
96,253,9,4,1,255,254,118,219,254,129,137,199,241,255,7,1,64,0,8,0,0,64,116,241,227,3,251,255,239,191,153,125,102,199,236,204,110,255,253,49,48,252,119,0,7,225,95,248,15,255,240,207,127,255,255,255,255,2,112,1
72,232,131,68,16,226,199,68,130,48,15,144,207,115,238,63,0,226,136,8,17,0,129,8,226,206,199,35,120,255,128,25,99,198,192,8,140,96,140,243,35,0,48,252,15,0,224,223,248,31,255,241,143,127,254,255,255,223,71,128,63
96,237,1,4,0,255,222,86,203,250,133,132,193,176,255,3,1,64,0,8,64,0,0,32,241,227,3,241,255,239,143,217,109,118,131,46,236,118,183,221,186,184,252,135,0,195,192,15,176,1,54,224,71,127,255,255,251,253,3,112,0
0,253,7,0,50,242,7,4,214,255,15,143,199,97,254,223,16,0,0,0,0,31,223,8,35,198,0,0,252,255,0,10,147,230,212,157,223,15,132,123,97,114,58,255,9,240,179,254,0,31,224,0,8,112,239,223,215,235,123,255,63
8,237,3,72,115,226,167,228,158,176,15,143,131,32,255,31,2,128,136,120,243,55,15,0,226,205,207,3,248,255,32,9,209,202,124,253,128,32,196,242,33,244,51,255,15,244,193,127,112,7,8,192,0,127,254,253,255,255,167,0,15
72,77,3,204,83,234,167,224,31,248,207,143,131,96,254,31,0,192,139,252,251,23,9,0,34,69,198,2,248,255,176,129,249,239,15,204,0,16,102,152,117,119,187,255,68,222,1,63,64,3,0,128,14,252,242,229,255,243,253,79,15
7,236,223,7,0,251,53,0,154,214,141,223,207,115,244,207,61,127,132,4,0,0,240,252,51,103,66,32,253,159,56,130,128,96,210,204,205,12,130,153,49,49,187,127,64,222,255,255,204,23,249,145,15,0,243,231,231,195,254,111,7
72,237,3,76,0,242,167,100,146,180,15,131,205,50,246,15,0,0,0,24,17,0,0,8,227,239,199,34,252,255,160,24,113,198,196,136,140,104,204,251,33,32,48,255,15,60,224,205,248,27,127,240,134,63,255,255,255,223,2,64,11
97,253,73,100,0,255,224,38,211,252,64,219,108,18,50,1,0,96,132,0,0,0,64,156,243,231,3,112,255,31,160,153,113,102,196,140,204,104,254,251,17,48,250,127,128,52,225,102,252,9,55,112,195,159,255,255,223,12,0,48,33
181,231,237,3,225,255,63,130,255,63,16,0,224,249,255,193,223,127,0,15,128,0,8,124,241,227,227,255,255,255,63,192,0,48,192,255,252,255,255,255,255,61,12,0,0,8,0,0,248,9,255,240,207,255,255,255,255,15,0,0,0
176,246,5,131,225,255,63,128,109,15,112,192,241,253,255,193,3,63,0,4,128,0,14,116,240,225,243,255,255,239,63,64,32,250,71,127,245,175,255,254,93,252,7,0,112,0,192,39,240,7,254,240,207,255,255,255,255,255,1,16,0
136,226,3,68,0,238,199,8,4,33,118,192,235,127,255,62,0,96,128,9,0,0,0,120,224,193,223,227,121,255,128,168,98,170,64,21,84,161,186,234,21,220,3,122,240,8,224,127,248,15,255,240,143,127,254,253,255,31,134,0,30
65,248,141,4,0,118,3,36,146,148,15,143,197,48,102,199,1,98,0,0,0,0,240,24,97,194,192,96,184,119,0,26,145,70,212,136,141,104,196,113,33,34,114,221,11,245,225,102,184,9,55,112,211,123,239,254,223,8,2,240,1
64,233,1,4,0,118,3,44,150,181,75,131,199,113,238,63,0,0,0,8,0,0,0,0,97,194,192,96,188,55,129,56,51,206,196,153,156,233,220,115,33,38,18,221,11,52,192,30,176,15,246,96,207,123,255,255,223,239,1,248,62
0,237,3,0,50,244,15,44,214,253,11,131,195,241,238,55,0,0,0,16,0,23,2,0,64,128,132,64,248,255,39,24,23,198,213,184,175,107,220,117,227,226,126,221,11,53,208,30,180,151,246,121,79,123,239,223,3,239,113,255,63
96,237,3,0,64,248,62,18,73,222,228,193,227,249,255,7,0,0,0,0,0,0,0,64,129,3,3,131,255,205,62,200,29,114,71,238,228,46,247,221,185,185,223,49,102,7,128,23,224,5,188,192,11,126,255,255,255,255,127,0,33
0,237,3,128,97,252,63,12,215,255,11,142,193,176,255,11,0,128,0,252,224,15,14,0,64,131,131,211,253,239,183,208,165,246,135,46,239,111,247,253,187,32,252,135,0,135,192,47,240,3,90,225,15,255,255,255,251,255,129,71,10
240,231,3,0,225,204,62,90,93,251,114,224,243,253,255,33,0,0,0,0,192,0,12,224,192,129,187,223,119,238,31,209,78,180,139,246,104,87,123,237,219,219,236,25,243,1,192,27,240,6,222,224,45,255,254,249,255,255,133,0,56
64,237,9,4,0,242,195,116,154,254,141,139,199,113,254,159,1,96,128,8,0,0,64,8,163,70,65,32,252,127,200,153,17,102,196,140,204,104,206,123,33,34,122,255,8,180,225,126,184,15,247,112,143,123,255,255,223,207,51,242,7
96,253,3,4,65,255,252,62,199,255,18,134,193,48,255,15,0,128,7,244,224,15,14,128,1,1,2,242,255,239,183,152,234,247,6,84,77,109,234,185,83,81,253,111,208,152,20,175,197,135,112,207,95,60,241,226,195,253,255,127,8
37,246,109,7,128,223,60,128,178,132,79,255,119,209,191,229,29,112,0,8,0,0,112,127,1,3,2,252,197,138,53,64,149,95,245,171,191,10,85,84,171,170,86,145,170,231,255,127,224,9,60,192,67,95,127,255,251,126,95,49,32
225,249,1,194,241,255,247,127,89,250,224,205,193,56,255,3,0,226,135,135,240,15,127,248,225,195,67,251,127,255,24,253,94,191,255,255,0,240,255,111,25,24,14,3,240,117,224,7,120,1,127,240,247,255,255,255,255,3,22,34,1
128,199,7,0,0,252,62,173,182,39,31,2,131,107,221,222,0,0,0,0,0,0,0,96,192,173,175,195,241,239,63,42,183,202,85,185,149,139,140,250,229,244,3,254,15,224,193,25,112,6,206,224,140,103,222,191,191,159,3,0,31
160,231,3,0,128,238,55,10,69,173,112,198,64,252,63,1,0,192,0,120,176,0,0,128,64,128,248,255,123,251,165,72,234,251,3,2,100,53,171,172,8,253,175,0,85,202,192,35,240,0,26,224,3,223,254,253,255,255,141,1,32
117,253,72,38,201,153,248,183,232,6,228,237,70,128,187,161,28,241,247,198,136,142,124,231,17,35,34,254,231,12,254,191,189,110,23,37,223,14,128,219,149,181,75,118,226,135,245,115,253,140,159,112,241,79,63,127,94,44,2,16,56
96,240,0,0,112,254,159,98,81,252,112,143,70,129,239,39,0,0,0,240,16,15,15,0,1,66,0,224,127,255,32,201,84,50,253,254,32,32,211,77,153,154,254,1,250,181,193,119,240,13,52,0,0,95,127,255,251,126,31,48,33
229,253,77,3,64,253,60,26,93,255,112,204,227,249,255,199,17,121,0,4,128,0,104,244,209,163,35,251,255,206,255,203,159,242,81,254,229,47,147,253,145,248,255,19,48,1,192,6,176,3,254,224,79,255,253,251,251,255,9,115,0
64,232,143,68,0,246,199,4,130,248,11,154,207,115,236,191,1,96,128,8,0,0,0,152,227,199,199,96,120,255,192,21,18,4,132,128,10,88,88,1,247,2,96,255,187,180,225,127,248,15,255,240,143,255,255,255,255,95,1,0,55
225,255,13,6,129,255,245,55,243,156,137,207,199,241,255,7,16,96,134,143,144,8,112,252,241,67,2,240,255,255,240,221,21,115,236,174,230,248,127,28,56,184,254,133,0,183,241,127,253,7,97,80,255,127,255,255,247,3,126,246,3
224,237,11,4,128,221,254,118,219,222,165,137,68,144,47,3,0,96,0,8,0,0,0,0,129,3,3,216,247,204,255,89,85,86,205,170,172,106,245,221,169,168,220,145,46,39,192,103,240,9,62,224,3,127,253,251,251,255,11,49,32
225,247,9,4,128,221,88,46,215,253,91,234,116,144,55,1,0,0,0,0,0,0,64,132,209,163,3,220,247,14,191,216,55,246,197,190,236,107,223,255,217,248,254,27,178,33,193,99,240,8,30,224,65,159,255,255,123,252,1,16,32
96,237,3,4,0,250,183,86,203,250,164,129,199,241,255,15,0,64,0,8,0,0,0,0,161,67,67,162,127,221,188,153,104,38,194,68,76,100,231,157,19,17,253,103,68,30,128,95,224,15,252,192,143,126,255,255,247,251,127,34,33
10,118,147,207,115,230,7,128,60,7,127,254,3,66,200,63,32,30,137,255,243,50,255,121,226,207,207,67,120,255,1,10,224,203,95,249,21,1,128,242,1,252,3,252,255,240,227,63,96,0,0,225,8,7,254,255,255,255,7,0,62
65,237,3,4,0,242,229,86,203,250,133,128,199,113,254,31,0,96,0,8,0,0,0,128,163,70,65,32,254,255,24,153,73,102,202,76,204,100,174,187,48,49,185,126,64,10,160,126,168,15,245,80,143,122,255,255,215,203,123,250,39
97,253,11,4,0,187,244,118,219,254,160,137,231,113,255,15,1,64,0,8,0,0,64,196,49,99,2,176,255,141,188,153,121,102,198,204,204,108,238,189,17,49,191,111,64,30,1,79,192,11,120,128,199,252,255,247,227,243,255,127,11
32,175,0,0,136,17,32,167,243,159,73,143,195,241,239,39,0,0,4,144,0,11,64,0,1,2,0,124,31,0,161,90,171,214,146,90,255,15,173,189,106,105,189,129,69,218,17,30,128,7,240,8,95,120,225,195,195,227,123,255,39
32,254,3,0,0,254,15,16,76,107,182,128,195,121,255,63,0,0,0,0,0,0,16,32,128,64,225,243,253,255,10,196,5,113,33,46,226,18,55,80,248,253,255,149,2,67,64,30,144,7,242,32,175,251,255,221,223,239,105,255,62
160,247,1,0,97,252,190,255,191,115,55,192,227,255,255,11,0,0,0,8,192,0,28,96,128,129,131,195,247,238,63,171,223,234,127,253,144,131,156,250,229,252,115,254,7,0,224,31,248,15,255,240,255,255,255,253,255,91,150,0,1
160,247,1,0,128,221,158,253,190,7,63,128,195,113,238,127,0,0,0,0,0,2,48,32,0,0,0,223,241,238,31,183,206,173,187,117,91,135,50,235,246,151,1,126,242,195,32,62,136,7,241,56,255,255,231,207,199,195,121,255,63
117,233,15,3,193,255,127,52,136,254,173,253,255,127,246,195,0,24,0,4,128,0,253,127,249,243,243,255,255,255,254,212,28,53,163,230,110,126,127,4,154,11,252,1,242,199,164,63,232,7,253,210,159,126,250,255,255,123,254,2,1
72,237,3,8,50,240,143,213,154,16,143,9,133,32,116,74,2,0,0,16,113,51,7,0,226,206,205,225,184,127,8,51,197,76,219,121,128,192,148,251,166,33,16,254,7,131,193,105,112,10,78,224,4,39,254,254,255,189,6,0,10
24,127,2,40,127,248,52,236,255,191,75,139,231,33,255,31,0,0,0,240,185,255,15,0,0,165,166,2,221,143,53,145,89,100,254,255,200,76,102,185,247,51,185,127,64,30,25,94,134,255,251,8,100,248,247,3,1,245,253,255,11
64,237,1,108,1,243,161,118,219,252,129,3,229,40,247,10,0,192,140,248,249,1,0,0,35,102,70,32,254,31,176,145,249,231,6,204,200,108,238,185,115,51,187,127,0,30,0,205,72,251,121,144,134,180,243,230,165,209,188,103,3
97,253,72,100,1,255,240,38,209,252,64,207,0,24,255,32,1,225,199,157,184,0,64,220,113,227,34,248,255,15,180,217,247,247,7,4,236,123,255,253,17,216,254,67,176,117,225,5,56,137,47,240,226,223,127,255,190,76,0,32,37
64,237,3,4,0,240,165,100,146,212,205,131,70,81,234,55,0,64,0,24,0,0,0,0,35,70,68,0,248,255,48,153,113,102,204,140,204,104,198,187,33,34,26,255,8,60,192,16,48,28,151,96,8,67,239,255,95,14,67,248,52
88,253,129,72,123,250,39,102,215,253,9,211,255,127,253,30,0,2,128,16,177,145,143,136,242,229,239,35,252,255,48,152,19,230,212,253,221,239,238,251,35,32,184,255,8,60,120,31,222,215,251,255,239,253,255,43,1,213,161,79,31
96,13,14,4,0,145,48,54,219,222,236,25,12,2,144,240,17,0,0,0,0,0,64,0,19,39,2,0,196,9,60,152,57,102,198,204,204,108,230,155,17,49,155,119,196,223,193,32,48,0,6,96,64,3,63,127,26,12,3,128,60
3,236,223,7,0,250,55,0,154,254,141,157,207,115,252,223,63,127,0,8,0,0,240,120,163,199,71,2,252,255,56,0,128,98,208,236,205,14,134,249,49,48,248,255,0,255,255,255,184,31,247,113,15,0,255,255,255,239,115,240,7
15,204,255,207,19,226,71,36,130,180,15,3,130,115,236,255,255,255,159,7,49,16,131,120,230,205,207,35,248,255,224,63,31,64,128,136,136,232,252,243,231,34,16,253,15,244,231,159,112,54,255,243,15,6,156,255,255,223,7,0,31
1,237,157,0,0,242,37,100,146,180,11,3,195,115,254,223,63,18,0,0,0,0,0,136,35,68,68,32,220,191,48,0,129,108,158,205,217,12,228,187,119,51,155,255,12,62,0,156,136,23,241,17,143,240,247,239,239,195,253,255,15
48,253,1,2,123,255,60,54,251,255,164,201,231,177,255,11,0,0,64,20,136,223,13,68,177,99,35,186,255,141,62,200,29,114,215,238,255,47,247,221,145,184,255,19,96,135,145,127,228,143,116,0,194,254,255,255,211,248,127,114,1
37,253,205,39,1,255,52,2,203,254,160,1,229,113,255,207,191,127,68,140,136,0,112,252,241,99,3,248,255,143,60,0,0,35,226,204,238,124,255,136,16,48,253,103,64,31,0,0,184,139,255,112,239,255,255,255,223,67,18,242,3
97,253,9,6,65,255,244,118,219,250,160,201,231,121,255,11,0,64,0,12,128,0,72,236,241,99,3,250,255,143,188,153,121,102,198,76,204,116,255,253,17,48,253,103,64,30,224,95,248,143,255,240,239,255,255,255,255,67,18,114,3
97,253,1,36,0,251,112,54,219,254,160,201,229,49,255,11,0,32,0,0,0,128,64,204,115,227,34,112,255,15,176,152,57,102,198,204,204,108,238,185,17,17,251,127,192,30,97,111,220,139,123,48,199,253,255,255,239,197,176,127,11
65,77,15,4,0,176,37,100,146,220,141,3,135,97,236,223,35,0,0,8,0,0,0,128,35,6,4,0,216,255,48,16,25,68,142,200,136,76,228,145,35,35,147,255,13,62,64,24,24,14,195,48,140,225,167,15,15,135,225,221,30
64,233,3,0,0,246,79,20,202,251,165,0,131,97,204,30,0,0,0,0,0,0,0,0,227,198,199,129,248,255,138,136,37,98,65,44,196,38,182,251,0,240,249,126,0,3,192,9,120,2,79,241,132,39,255,255,255,159,2,0,15
229,249,8,238,1,251,244,55,203,218,165,221,131,112,254,15,17,208,206,222,217,0,232,236,179,103,3,146,255,205,190,187,253,255,7,0,221,38,128,251,1,180,217,254,0,143,41,127,239,7,32,148,255,254,242,133,229,67,254,127,3
152,231,1,192,176,238,135,234,31,168,90,227,241,254,127,0,0,0,0,56,112,0,3,24,96,192,253,255,255,119,1,213,86,181,189,191,0,216,95,45,255,90,126,65,184,52,224,7,248,73,127,240,167,255,255,253,253,31,132,0,0
88,237,131,204,17,254,135,102,151,252,73,215,3,122,255,30,0,194,200,253,249,0,131,24,242,229,231,99,252,191,160,129,241,239,7,4,192,120,222,120,241,242,122,127,128,244,224,61,80,2,2,240,143,255,255,255,255,159,129,68,31
64,237,3,4,0,240,183,237,182,181,15,2,135,97,254,31,0,192,0,24,0,0,0,0,227,231,131,224,253,255,167,185,251,238,198,221,220,237,238,251,49,116,24,254,0,56,192,222,176,31,246,97,15,123,255,255,251,255,35,240,10
37,253,221,67,121,255,53,2,93,255,240,3,228,32,255,202,63,159,192,148,249,153,15,204,243,231,99,242,255,159,52,128,0,34,216,253,68,32,254,251,17,240,251,127,64,30,0,96,56,11,102,32,192,255,255,255,159,205,0,96,11
64,237,11,4,0,241,192,30,207,123,3,8,173,32,245,26,0,64,0,8,0,0,0,0,243,230,7,0,252,79,139,153,107,230,194,92,204,101,174,251,16,112,185,126,16,8,224,77,120,11,111,240,134,55,255,255,191,221,2,96,7
75,205,159,79,83,242,39,4,178,183,15,3,128,96,252,223,55,255,205,159,177,17,139,8,227,239,199,34,252,255,32,0,161,238,71,12,221,239,206,251,49,48,56,255,0,52,0,0,0,0,70,241,15,119,255,255,255,223,35,192,31
1,140,157,68,0,98,199,42,16,188,90,3,128,115,238,255,63,230,139,25,0,0,0,128,34,68,196,32,24,255,192,191,23,0,4,128,2,24,72,0,97,246,50,223,155,52,0,0,0,4,177,48,139,217,118,237,254,99,217,187,53
37,254,205,7,128,255,60,0,207,255,48,128,228,185,255,195,159,127,68,4,0,0,64,252,241,227,35,250,255,143,63,0,128,178,210,254,237,47,139,255,89,216,253,11,112,8,64,0,248,11,255,240,207,255,255,255,255,15,0,112,1
8,237,1,192,113,238,167,232,31,248,90,199,98,255,187,33,0,0,0,120,240,1,11,88,96,193,223,227,123,255,32,81,82,149,188,254,0,80,95,37,251,11,254,193,155,116,224,7,248,73,191,244,171,223,255,253,254,30,132,0,32
96,237,3,68,1,254,247,118,89,254,232,199,65,248,255,3,0,192,135,252,184,0,0,64,32,65,66,250,255,191,180,201,249,247,7,0,224,60,231,156,57,123,255,35,68,222,128,39,224,1,40,192,131,127,254,253,255,127,223,2,33
71,141,255,231,1,255,229,189,160,5,15,22,1,50,240,143,125,255,255,143,176,0,240,125,241,235,195,246,253,191,229,191,31,8,0,13,223,157,6,26,118,116,0,254,0,88,36,8,0,32,65,243,151,34,130,254,255,131,38,68,11
97,125,64,36,8,255,184,86,91,250,160,77,0,0,81,8,0,0,68,216,217,136,64,164,243,103,35,144,254,15,30,153,77,230,203,124,68,116,254,249,17,176,249,127,96,203,241,100,56,1,0,112,194,151,255,191,157,12,2,32,3
39,172,253,7,0,255,32,0,203,122,160,0,237,58,244,203,255,127,204,14,0,0,240,254,243,231,99,48,254,31,24,130,128,32,208,93,221,5,130,251,17,20,137,126,64,26,2,132,48,155,127,241,7,128,255,255,255,205,18,114,3
0,125,2,0,90,240,181,100,158,252,15,15,135,32,252,94,34,16,0,240,153,159,11,0,35,71,6,2,253,159,52,129,73,100,254,253,64,100,230,153,51,51,187,127,64,158,1,108,12,15,96,0,196,240,243,231,131,193,253,239,15
64,237,3,0,0,244,143,116,154,254,141,131,195,241,238,247,1,0,0,0,0,0,0,0,0,0,0,224,127,255,11,80,85,84,141,170,168,90,85,85,171,170,254,149,14,103,0,30,128,7,240,0,15,120,225,195,195,239,123,255,53
24,237,3,0,114,238,167,116,159,248,143,193,227,127,255,10,0,0,0,48,241,23,15,8,224,197,255,227,253,255,56,17,73,68,186,253,136,80,124,145,255,35,248,255,15,95,128,31,224,23,255,255,143,255,254,253,255,251,255,6,7
64,232,7,0,0,238,55,82,73,250,224,129,195,113,238,255,3,0,0,0,0,0,0,0,226,197,199,163,127,255,26,144,0,36,131,100,72,102,178,233,147,17,236,123,240,11,192,31,248,7,255,240,143,127,254,253,255,255,135,0,39
39,252,205,103,1,255,53,0,203,250,128,253,239,123,240,203,57,127,128,15,144,0,240,255,243,231,227,243,255,255,48,128,128,103,240,76,207,4,130,8,16,16,248,127,0,218,251,255,252,31,255,241,143,131,255,255,255,15,0,96,3
97,237,15,6,0,253,254,54,219,254,133,129,192,241,255,199,19,120,0,14,0,0,0,224,129,3,3,163,255,223,222,95,29,84,193,170,172,110,245,213,171,168,252,149,46,39,128,4,224,1,254,224,15,127,255,255,251,255,31,48,33
56,239,3,66,123,254,55,54,223,255,129,241,251,255,127,8,0,0,0,4,176,147,15,120,242,229,255,227,255,255,116,128,25,96,6,252,223,15,254,251,241,247,251,127,0,30,240,31,252,135,255,249,207,127,255,255,27,28,2,0,3
32,237,3,0,64,238,191,116,154,254,141,193,227,249,255,3,0,0,0,0,128,0,24,96,128,65,231,243,255,255,126,85,93,85,175,234,170,94,117,213,250,43,252,133,15,7,128,31,224,7,252,208,143,126,250,253,255,251,255,2,1
7,253,205,7,128,255,37,4,146,188,9,223,207,115,244,223,25,119,128,0,0,0,240,255,113,195,66,242,253,191,48,134,137,101,182,204,203,28,6,8,114,51,253,127,0,222,253,127,216,15,251,176,255,255,247,239,239,3,160,111,15
97,253,65,32,73,249,176,118,91,250,224,77,135,32,253,30,0,0,4,136,136,136,248,196,19,39,2,16,255,9,60,157,89,103,238,236,70,116,246,136,16,49,219,119,192,223,177,125,40,3,32,0,194,246,255,255,183,65,118,102,7
0,125,0,64,26,179,161,100,147,188,73,31,133,0,244,26,0,0,0,240,25,159,73,136,51,70,64,32,220,27,48,149,89,103,254,221,192,124,110,152,51,51,187,127,128,254,97,105,16,10,0,0,192,173,247,239,111,133,160,79,26
37,242,76,37,128,255,8,2,203,90,160,236,229,184,119,195,157,107,68,8,0,0,112,254,177,98,33,252,255,5,26,64,128,54,211,110,237,6,147,221,152,152,253,1,96,195,249,111,236,9,61,208,227,191,255,254,245,104,62,51,1
65,253,12,4,0,240,32,38,211,252,137,203,229,48,247,203,3,96,0,8,0,0,0,128,3,2,0,0,254,15,48,128,117,100,133,172,200,74,86,89,179,178,218,255,0,247,3,111,192,11,120,128,7,188,255,230,225,241,190,103,3
74,233,131,72,54,98,135,236,150,180,15,15,135,65,238,63,0,130,136,113,51,63,15,8,98,204,204,35,24,255,0,17,209,204,253,251,128,64,76,115,239,34,48,221,15,244,225,124,48,6,196,64,140,123,239,255,223,207,99,252,63
72,253,131,108,19,242,161,236,159,176,11,7,131,112,254,31,39,194,141,249,251,19,1,8,34,238,198,32,220,63,224,183,211,237,188,157,136,72,78,57,247,35,56,255,8,252,64,60,16,6,192,61,239,249,231,139,139,199,97,255,31
192,226,3,0,208,238,167,237,182,149,15,195,227,127,255,63,0,0,0,0,0,1,11,88,96,193,202,231,249,255,101,113,83,220,188,187,184,217,93,55,239,35,20,197,15,52,224,29,120,7,239,240,207,127,255,255,255,23,132,4,31
128,226,3,0,160,102,15,171,117,173,90,130,195,241,239,55,0,0,0,0,0,3,0,0,0,0,192,237,123,255,3,66,150,144,21,178,39,11,89,100,201,254,102,193,187,53,0,30,128,7,240,1,15,248,224,193,255,255,127,255,52
161,242,13,3,160,239,223,31,228,49,19,188,203,115,238,183,0,100,2,7,0,4,118,248,225,129,128,255,121,255,199,125,15,217,40,123,178,245,127,0,238,237,53,136,31,136,240,126,255,7,243,126,255,127,239,223,223,3,72,255,56
101,253,13,6,65,255,52,86,219,254,128,205,231,113,255,207,1,112,0,12,128,0,120,252,241,227,3,250,255,223,60,154,233,102,214,76,205,36,130,249,17,48,253,127,0,223,225,127,248,15,255,240,239,255,255,255,255,7,0,112,3
161,242,1,0,160,238,15,155,109,47,112,132,195,245,238,247,0,0,0,0,0,0,112,56,192,128,129,233,123,255,139,234,166,186,81,55,119,3,136,110,220,220,43,10,241,192,224,27,248,6,223,240,253,127,254,253,255,3,2,128,60
1,61,4,0,0,0,0,181,186,6,141,141,68,16,34,7,0,0,0,0,0,0,112,0,1,2,0,4,0,0,24,58,185,78,214,201,157,140,228,179,37,39,3,236,15,222,129,102,160,8,20,64,209,26,105,214,208,104,26,177,32
1,253,13,4,0,255,39,229,178,148,11,143,195,113,254,223,1,64,0,8,0,0,112,248,33,67,66,240,253,255,48,22,153,71,254,200,143,12,4,16,35,35,187,255,13,254,97,126,152,7,243,48,255,255,247,239,207,3,240,255,15
96,237,11,132,1,255,127,50,73,254,240,193,227,249,255,7,1,64,0,8,0,0,0,248,224,193,195,251,255,255,223,201,108,50,67,102,100,118,251,236,153,216,255,1,240,7,225,127,248,15,255,240,143,255,254,253,255,127,134,0,32
64,205,3,0,0,160,37,116,154,214,205,3,2,67,200,255,3,192,0,24,0,1,0,0,32,68,76,34,8,251,48,8,25,66,70,200,132,44,228,177,33,35,179,237,143,62,64,25,80,30,202,160,12,101,190,125,127,151,225,204,62
160,226,15,4,128,238,223,58,93,255,114,140,199,241,239,39,0,0,0,0,0,0,32,160,128,0,128,255,123,255,223,68,54,145,37,178,34,59,121,100,201,234,255,129,255,32,128,127,224,15,252,192,15,126,248,241,251,255,255,191,32
32,236,3,0,0,238,127,50,89,238,240,129,195,241,255,135,0,32,0,0,0,0,0,128,128,1,195,227,127,255,223,64,28,16,3,98,32,30,113,196,153,251,255,1,238,71,128,31,224,7,252,192,15,126,248,249,255,255,255,3,0
112,237,3,6,65,248,181,116,155,218,173,65,255,239,221,26,0,64,0,12,128,0,0,64,178,111,103,179,237,157,188,153,121,102,198,68,204,108,230,187,19,17,185,127,64,30,225,91,248,30,223,240,133,239,255,253,255,191,132,4,26
0,237,15,135,1,254,31,2,73,254,240,205,227,249,255,195,1,30,0,2,64,0,4,120,226,197,199,227,255,255,26,138,160,34,83,36,69,6,130,252,17,248,255,123,240,199,227,95,248,15,255,240,143,127,254,253,255,127,134,0,33
33,253,13,0,0,255,1,197,162,16,135,140,195,113,255,207,1,96,0,0,0,0,112,188,33,66,0,240,253,127,0,182,137,109,178,77,219,132,6,155,118,53,25,190,0,202,97,110,152,3,115,48,247,255,255,239,237,1,184,127,11
229,239,79,6,129,221,60,18,203,222,164,1,64,216,191,229,31,121,68,6,0,0,64,228,145,35,3,154,231,204,62,200,4,50,193,110,236,126,247,221,153,184,253,19,98,7,0,0,176,0,222,224,77,255,255,251,123,255,11,17,24
1,232,159,7,0,254,7,64,130,248,143,156,207,115,236,255,61,126,128,0,16,0,241,120,227,199,199,225,252,255,0,130,128,38,216,4,77,0,128,235,17,16,232,127,240,193,247,255,184,31,247,113,14,0,255,255,255,207,3,240,63
33,13,95,38,1,153,252,54,202,222,165,1,0,64,255,247,63,249,79,222,128,0,64,192,1,3,2,144,239,141,254,223,29,32,2,108,200,126,246,217,179,179,223,119,68,15,0,0,0,0,64,0,76,230,219,179,35,219,255,204,31
97,240,13,4,128,119,1,2,65,120,16,156,205,50,96,207,17,0,0,0,0,0,240,190,241,226,1,248,254,55,0,142,128,39,240,4,79,32,130,8,16,16,124,26,48,193,241,22,184,5,183,112,235,255,255,255,223,6,0,240,53
75,137,155,78,3,160,231,45,130,148,15,3,0,67,168,183,127,246,191,191,19,0,128,8,34,206,68,0,8,255,224,127,63,64,4,8,140,233,204,179,35,34,50,237,15,60,0,0,0,0,142,225,8,71,62,255,255,31,67,136,60
225,247,9,135,225,255,255,191,230,55,15,138,199,33,255,143,31,252,7,215,224,13,78,240,193,131,3,254,253,255,255,255,63,202,0,25,223,255,252,243,101,100,16,254,15,32,237,255,255,239,255,0,240,127,32,252,255,255,137,127,8
64,237,131,74,83,250,183,114,31,248,240,3,129,96,255,95,34,146,136,252,241,31,15,72,34,197,198,34,127,255,112,155,90,32,250,221,64,100,234,187,19,19,185,127,208,30,128,1,112,3,111,241,143,255,254,253,255,223,134,0,7
97,136,11,134,65,238,63,80,27,218,228,1,196,241,255,231,63,218,133,254,208,1,12,0,128,67,3,163,127,255,62,0,224,119,143,98,32,98,241,213,139,137,253,129,238,7,0,192,231,255,253,207,127,254,96,128,240,251,255,255,33
244,71,115,187,111,208,254,63,238,119,167,12,6,128,153,60,126,249,127,247,239,255,14,0,132,15,15,135,161,204,223,255,63,64,1,40,255,255,188,243,230,161,209,188,39,131,223,249,119,254,206,239,28,2,8,58,51,156,7,0,62
207,82,254,253,62,85,138,74,15,121,18,12,6,1,204,127,255,207,255,251,127,255,198,144,195,134,1,64,54,102,67,129,66,160,248,127,0,240,154,105,80,208,104,26,49,128,209,240,60,12,130,32,200,195,207,159,27,14,65,248,63
24,30,66,40,126,17,0,192,255,14,192,127,14,0,16,120,32,1,0,240,127,255,255,14,18,36,36,16,158,1,0,130,128,98,248,255,255,15,128,26,16,52,24,118,0,199,251,225,60,128,0,8,64,131,31,62,0,12,0,0,60
101,253,95,39,73,253,60,26,77,251,176,0,129,32,221,222,63,255,76,143,136,136,72,228,211,167,35,146,255,15,255,155,31,32,200,252,68,101,254,249,17,112,249,127,80,152,192,236,56,3,38,112,134,179,223,191,191,207,0,96,7
224,77,19,174,67,248,62,28,174,247,15,12,133,0,253,30,50,248,77,190,201,25,12,64,147,175,3,130,229,207,191,160,229,238,7,44,221,239,190,251,181,180,88,254,34,195,193,9,32,8,70,64,0,39,191,255,59,159,35,64,30
64,64,3,4,0,160,183,84,138,82,173,1,14,65,136,55,0,0,0,0,0,0,0,0,3,78,7,0,32,221,154,24,237,70,195,104,140,102,180,211,162,161,209,180,111,15,192,240,48,28,134,96,8,67,142,127,31,15,67,192,62
161,22,8,4,128,1,224,165,178,4,137,11,4,0,255,15,0,0,0,0,0,0,112,128,1,0,0,28,6,0,32,118,153,93,182,203,187,140,5,23,110,47,0,128,15,254,1,0,0,0,0,0,112,248,225,193,195,227,253,255,7
97,253,13,4,128,17,248,181,186,22,143,9,4,128,255,39,0,0,0,0,0,0,112,0,1,2,0,28,134,0,63,250,157,126,215,239,253,14,132,255,55,32,24,182,0,7,0,0,0,0,0,0,240,255,255,255,255,227,123,255,33
161,23,0,0,128,17,56,189,190,7,143,1,0,128,255,15,0,0,0,0,0,0,112,0,0,2,0,28,132,0,62,118,157,93,183,235,187,142,37,214,238,175,1,128,15,15,0,0,0,0,0,0,112,120,224,195,195,227,127,255,33
160,7,2,0,128,1,56,191,255,7,143,3,0,128,255,7,0,0,0,0,0,0,112,0,0,0,0,28,0,0,63,118,157,93,183,235,187,142,117,214,239,175,7,128,15,39,0,0,0,0,0,0,112,120,96,192,195,251,255,255,0
64,168,12,4,128,35,193,4,130,16,143,141,68,144,43,33,0,96,0,0,0,0,64,0,1,66,0,244,185,127,192,89,1,86,192,10,172,112,133,21,42,40,252,133,15,1,128,99,224,8,28,192,193,31,127,254,244,120,30,16,0
218,255,131,205,115,246,7,248,125,231,126,252,39,136,29,56,0,130,136,255,255,51,15,8,230,255,207,35,248,255,0,137,202,170,127,245,64,160,186,234,17,252,235,122,240,138,225,255,248,7,4,64,128,127,255,255,255,223,3,0,63
24,237,3,204,115,226,7,210,93,235,244,128,239,115,254,31,0,128,136,248,255,27,15,8,226,198,199,35,120,255,8,137,200,170,126,245,64,32,170,234,17,212,171,122,240,26,40,159,235,255,255,215,175,252,250,1,252,243,255,239,55
223,205,251,255,123,255,247,63,224,23,143,253,3,126,240,8,96,255,255,231,251,190,255,127,247,239,239,227,253,255,225,253,63,239,7,0,254,255,127,0,52,244,27,126,0,222,246,63,105,0,4,251,223,6,8,254,55,24,6,0,10
200,205,19,200,115,224,39,164,182,151,79,7,2,83,232,55,34,128,159,248,243,63,143,0,34,78,68,0,136,255,152,42,249,255,7,0,191,175,228,178,33,102,147,253,15,254,240,56,48,4,4,249,205,99,191,255,27,143,67,208,62
74,237,151,74,115,240,231,119,26,216,237,3,0,0,244,10,34,178,159,23,145,191,143,136,231,199,71,2,248,255,120,191,95,0,248,253,0,224,246,251,17,178,218,127,160,247,192,33,112,0,14,224,132,47,254,255,255,159,132,0,10
8,238,1,72,82,226,167,224,20,164,91,135,0,18,178,33,0,0,0,112,177,23,11,8,98,196,206,34,88,255,32,8,16,130,92,245,85,43,200,234,1,244,35,127,251,244,225,99,248,0,14,224,128,15,126,255,254,30,6,0,32
33,76,95,38,0,249,120,20,138,90,165,0,173,35,244,218,63,251,79,10,0,0,240,164,147,2,0,144,236,15,26,128,132,32,211,108,207,6,146,217,176,177,217,54,96,7,0,224,127,47,225,18,222,116,192,166,135,195,246,238,15
64,13,131,192,113,254,231,52,138,250,143,129,64,113,238,39,2,128,133,183,240,11,15,0,160,194,67,227,253,255,152,91,255,214,7,8,173,107,197,245,43,34,252,197,15,244,208,10,0,128,4,123,205,43,175,126,19,172,34,208,26
8,13,3,204,19,224,7,52,218,254,141,135,195,113,254,63,2,192,143,255,241,19,7,0,0,198,199,35,120,255,128,2,169,229,7,8,255,15,36,144,243,227,251,255,15,222,4,30,129,39,240,15,31,120,192,193,195,227,127,255,55
48,125,2,122,223,155,244,191,232,70,173,205,199,176,255,7,0,128,231,244,156,255,15,64,0,65,66,254,111,153,60,234,155,254,254,223,253,173,174,191,49,125,155,238,68,154,25,119,198,77,40,128,114,254,121,161,224,250,255,43,33
3,168,252,7,0,34,1,160,178,133,75,179,222,87,168,247,253,118,4,8,0,0,240,91,69,138,0,100,17,251,225,123,19,0,84,155,181,9,192,119,1,110,22,197,139,244,127,254,143,63,176,3,11,64,32,193,198,98,121,255,52
129,242,13,4,128,7,10,171,117,133,90,191,199,241,238,247,1,0,0,0,0,0,112,51,0,2,0,236,2,112,11,170,180,42,85,165,85,138,128,107,149,148,2,90,240,229,225,30,144,7,242,32,207,251,239,223,223,239,97,255,62
190,226,183,147,255,206,31,18,233,107,180,244,251,127,255,254,237,31,33,39,228,118,190,127,200,145,255,207,115,246,143,198,174,185,3,0,127,15,0,236,220,221,239,58,240,193,250,191,244,151,254,255,15,208,255,255,131,254,95,186,37
31,226,191,211,247,238,7,192,61,0,240,252,223,67,192,255,253,30,136,99,247,118,255,255,226,196,221,227,122,247,0,2,224,205,189,185,155,0,0,2,230,38,0,220,15,53,239,249,251,127,255,151,168,196,18,1,252,19,229,140,63
39,224,175,7,129,207,63,192,45,2,180,252,255,127,192,223,185,124,0,12,128,0,240,255,255,151,151,139,127,236,255,223,12,1,40,102,98,118,51,0,152,153,253,0,118,75,239,223,251,255,255,246,190,255,218,32,252,19,246,0,7
55,204,255,255,225,204,254,31,64,104,48,212,171,127,244,154,251,255,254,207,233,156,238,254,255,5,167,131,255,238,63,197,76,49,123,110,66,18,51,64,152,185,253,19,98,135,255,255,255,183,254,235,15,0,192,250,251,255,255,110,7
8,166,5,0,54,0,3,169,244,133,91,207,32,8,115,192,0,0,0,0,0,255,59,0,0,0,252,66,208,187,37,34,147,204,148,153,255,15,128,115,231,102,50,222,11,240,18,7,192,129,56,233,71,28,253,254,225,252,188,7,1
8,28,0,72,26,178,33,228,151,188,73,139,207,65,254,63,0,128,0,176,17,31,11,0,0,70,70,32,216,191,48,0,136,0,114,221,255,13,32,128,116,119,187,239,221,30,9,214,130,253,243,0,40,216,98,1,206,98,89,255,53
64,141,16,78,67,176,245,118,146,252,141,215,225,122,247,10,0,192,136,28,145,17,9,128,35,69,70,2,220,191,244,149,125,37,6,4,74,252,126,8,247,19,251,127,192,255,30,175,199,243,56,191,111,156,113,226,224,244,253,31,0
96,13,27,14,65,184,245,54,136,250,165,197,195,122,255,11,1,240,137,60,145,0,128,64,2,69,70,2,255,221,252,157,105,103,34,68,74,244,127,128,18,17,253,103,68,222,159,159,128,176,184,207,15,8,113,226,226,252,255,27,32
33,2,15,133,0,221,90,18,192,255,244,128,215,241,239,231,19,232,4,138,0,0,64,32,129,2,1,252,245,238,207,78,149,0,113,162,175,10,144,68,137,170,94,145,170,39,0,194,160,250,94,65,5,170,189,82,81,253,47,81,24
8,237,3,72,54,98,7,160,182,165,91,131,203,115,238,63,0,0,0,48,49,63,3,0,98,204,204,0,24,251,32,17,81,68,188,189,136,72,68,51,247,2,50,223,139,52,192,30,176,151,255,249,143,123,255,255,223,239,115,244,15
1,54,12,6,128,255,62,42,213,253,90,142,199,113,254,255,25,116,6,0,0,0,96,208,65,3,0,236,123,255,37,0,146,169,244,149,95,25,72,32,85,86,34,111,153,184,81,116,95,13,162,32,250,215,87,139,138,86,145,170,37
88,237,133,64,82,242,229,126,19,248,72,195,225,126,247,10,2,131,200,21,185,145,11,0,114,247,246,50,223,27,240,255,31,32,8,68,64,100,174,249,50,17,253,63,64,10,96,13,248,155,255,249,207,191,255,255,255,213,180,39,3
218,233,1,200,50,242,7,36,214,189,11,211,237,123,247,10,0,160,200,21,185,177,139,24,118,255,239,35,220,191,160,24,241,255,5,8,220,235,222,127,35,34,122,223,11,244,240,14,16,130,98,249,207,123,255,255,11,205,0,246,11
24,237,135,67,118,238,231,239,0,0,3,198,1,120,255,139,14,182,131,101,176,247,63,216,96,65,252,243,253,255,112,255,91,1,248,255,0,208,111,0,126,7,131,107,221,222,255,31,72,2,111,255,143,191,255,255,255,19,164,6,11
117,249,140,70,17,187,165,82,95,248,224,193,251,127,255,96,131,207,224,24,124,0,0,142,251,241,243,251,127,16,8,129,104,191,206,70,0,244,239,141,18,17,141,34,212,222,120,22,142,193,179,188,235,255,255,197,196,96,152,191,33
161,231,15,6,129,143,245,47,228,165,91,58,126,3,128,180,25,116,6,13,0,0,112,208,65,129,130,222,83,170,55,32,18,136,100,157,214,249,127,42,117,118,2,110,153,184,225,249,249,15,207,240,140,111,254,253,255,23,132,4,30
37,253,125,7,128,157,60,16,219,254,164,1,197,113,255,223,255,127,68,12,0,0,240,230,147,35,2,146,255,140,62,132,8,49,226,238,238,254,127,0,24,185,255,35,68,15,32,236,76,31,225,17,142,240,255,239,135,195,252,239,7
15,189,128,244,153,127,1,98,85,252,112,187,221,182,102,11,16,54,230,133,188,205,107,222,255,243,194,122,127,187,33,128,96,43,102,132,70,252,255,8,16,212,139,123,240,126,120,6,158,193,115,253,239,255,255,1,196,64,24,255,1
200,121,2,204,51,246,135,212,159,120,135,232,255,245,15,31,0,128,128,187,113,27,7,24,225,246,195,225,254,255,0,89,193,246,249,255,0,96,157,253,1,8,252,129,3,0,9,223,255,255,255,4,48,254,248,1,240,251,255,79,31
3,236,7,0,0,238,31,229,182,148,11,255,123,127,168,117,0,0,0,0,0,0,240,123,102,207,207,71,16,255,33,55,213,77,189,169,155,26,68,16,230,166,82,255,11,117,192,3,240,0,30,224,1,15,255,255,251,255,1,0,24
3,125,220,6,0,187,32,0,211,189,72,255,143,99,208,222,57,119,0,0,0,0,240,222,115,3,0,96,222,59,32,4,0,233,174,221,218,253,110,0,118,119,3,239,153,252,255,255,24,22,131,49,8,128,239,79,15,7,65,253,62
165,242,13,135,225,238,191,192,31,232,246,132,195,254,255,199,31,94,1,239,224,0,124,120,128,129,131,255,123,255,223,255,255,0,9,32,0,2,16,66,254,239,67,248,255,225,235,31,194,65,57,245,175,255,254,161,252,115,254,15,1
247,201,255,191,75,217,188,255,31,106,180,124,47,3,144,120,249,89,110,254,255,156,252,255,159,35,35,146,231,140,63,175,234,239,255,253,0,177,170,170,84,84,41,126,81,24,215,253,255,255,239,203,14,0,72,186,147,221,119,96,7
97,173,253,126,129,187,96,165,176,132,73,131,64,240,239,199,223,247,247,252,158,8,64,12,53,107,2,124,205,9,240,251,187,34,84,128,221,8,192,191,1,54,10,71,136,124,159,159,129,251,255,67,15,56,224,210,211,251,127,247,1
32,237,7,0,128,238,103,2,65,122,176,196,96,252,63,161,0,32,0,0,0,1,0,0,32,65,194,251,127,255,120,72,9,82,66,74,228,36,167,156,8,121,253,129,68,154,192,39,240,1,62,240,135,63,255,255,255,255,6,0,0
71,233,137,231,1,255,103,4,162,148,15,23,139,115,252,159,17,127,207,143,240,0,240,124,241,227,195,242,253,255,32,0,225,254,7,8,141,41,132,255,33,32,242,255,15,52,32,0,8,106,255,118,255,127,206,221,255,3,32,252,31
64,237,11,4,0,242,39,110,215,189,90,139,199,113,255,207,1,96,0,8,0,0,0,0,97,195,130,96,255,255,33,184,114,174,196,149,92,233,202,251,87,86,2,126,176,112,193,95,240,15,254,224,15,127,255,255,255,255,3,16,32
48,253,71,2,127,253,60,148,254,87,175,93,175,33,244,90,0,16,0,128,200,255,255,100,145,35,35,146,229,143,63,142,141,103,255,253,223,15,18,200,144,177,249,127,96,71,177,93,108,143,237,88,210,119,223,255,151,72,118,98,7
1,232,143,4,0,254,7,197,182,5,15,159,207,115,238,223,1,102,0,8,0,0,112,89,97,202,192,228,153,255,32,186,145,110,220,141,221,8,128,123,23,6,2,94,136,244,225,95,248,9,63,240,211,127,254,255,255,11,6,0,32
192,227,15,0,128,238,55,197,182,5,15,130,195,249,255,199,1,22,0,0,0,0,16,89,96,203,203,254,217,255,37,50,193,204,156,185,153,201,132,243,231,39,0,252,15,244,225,31,248,7,255,240,159,127,254,255,255,159,38,0,26
128,239,1,4,0,242,37,205,166,49,23,128,199,113,254,207,1,0,0,8,0,0,64,0,1,2,0,96,253,255,37,178,139,236,154,93,217,197,46,187,118,117,1,126,84,202,65,14,144,11,114,32,71,57,229,235,203,253,185,255,10
32,255,1,0,122,248,124,60,254,255,63,192,227,123,255,26,0,0,0,4,128,151,12,192,146,1,230,19,253,143,62,168,27,234,86,221,215,175,238,186,117,253,139,126,64,26,16,29,68,135,232,255,79,244,251,167,131,208,255,111,7
65,248,13,4,0,246,67,22,203,122,160,156,207,50,228,79,1,64,0,8,0,0,192,168,243,198,65,160,190,119,8,156,96,39,224,4,78,240,190,8,16,16,104,62,112,65,225,70,184,9,119,112,195,187,255,255,223,77,0,112,1
0,224,3,0,0,102,71,18,73,234,244,129,195,241,255,7,0,0,0,0,0,1,0,128,160,0,64,225,126,119,10,192,44,48,3,102,101,38,179,204,152,217,237,3,240,11,128,62,160,7,244,65,15,250,248,241,255,251,127,251,33
7,252,253,71,16,255,193,47,162,148,11,223,139,115,244,159,61,127,223,15,16,0,241,125,99,198,64,96,252,63,224,255,31,0,176,140,203,8,4,16,119,34,58,255,8,252,255,255,221,63,243,51,143,96,194,239,207,131,240,255,31
195,137,155,237,1,246,203,62,130,248,129,4,131,113,254,159,55,238,223,191,113,0,64,0,225,198,1,224,252,255,139,223,255,247,7,0,140,98,148,253,33,160,252,223,2,97,134,28,0,184,228,67,30,114,192,222,147,203,115,254,15
33,252,77,5,0,245,24,0,219,254,129,221,199,113,255,207,61,109,0,0,0,0,240,244,17,2,0,144,254,15,15,128,128,101,241,44,207,18,18,72,178,176,252,127,32,231,223,255,128,31,240,1,15,184,249,195,195,255,127,255,1
72,201,19,204,115,224,143,221,31,80,143,4,3,96,204,62,34,200,139,255,243,19,13,0,162,197,199,3,120,255,26,179,236,239,159,101,8,64,50,251,246,3,200,126,114,195,193,57,96,0,4,224,140,103,254,253,255,159,7,0,62
52,253,64,162,233,255,184,211,91,74,224,205,6,128,187,33,16,17,68,236,252,142,124,254,145,35,35,254,255,140,63,139,204,119,255,239,65,2,146,221,145,144,221,51,224,199,241,115,252,140,159,48,240,255,255,127,95,4,0,16,56
74,237,157,65,16,246,67,38,210,253,9,255,249,62,113,200,99,47,136,1,16,17,131,152,247,237,239,99,188,63,64,148,17,100,164,156,206,251,94,25,243,18,122,95,128,244,227,239,248,27,127,225,4,7,255,254,255,157,0,0,11
1,237,141,2,80,255,37,4,211,253,9,255,77,2,112,195,8,22,128,0,16,158,251,252,97,193,194,114,255,191,48,4,9,101,162,220,206,125,111,144,114,35,253,239,4,218,243,255,248,25,63,241,2,135,255,255,255,95,2,0,33
37,252,205,7,128,255,10,0,215,253,16,174,199,241,238,247,27,127,4,9,0,0,96,252,241,195,3,252,255,255,3,0,0,247,233,190,238,251,255,60,0,120,252,135,0,224,243,254,180,31,246,97,15,193,255,223,219,239,1,249,60
32,125,68,2,249,255,52,84,219,218,165,205,199,0,255,67,4,24,0,160,216,143,127,108,0,99,35,251,255,207,62,210,133,117,255,238,235,14,2,221,186,187,252,3,32,71,185,91,206,202,255,0,240,255,255,103,69,1,254,93,24
1,237,133,0,16,238,7,36,210,252,9,223,205,34,244,203,40,38,0,0,0,20,243,248,99,64,196,32,248,255,192,132,17,97,36,140,223,251,94,16,112,246,122,255,8,52,0,77,216,11,123,176,134,189,254,236,253,215,180,7,11
161,247,12,4,128,255,30,110,215,253,18,142,199,241,239,199,1,64,0,8,0,0,96,240,193,131,1,252,255,239,7,74,247,214,213,186,173,11,141,253,105,232,254,137,31,224,65,78,144,11,114,32,231,255,255,203,203,253,9,255,8
3,254,141,5,0,119,3,128,178,4,11,19,207,115,236,255,93,110,132,8,0,0,240,249,97,66,64,228,184,255,0,2,128,75,252,153,159,9,0,18,37,38,18,252,15,52,96,24,24,7,243,48,255,249,231,207,207,3,97,255,63
65,237,143,4,0,255,231,36,146,244,15,223,207,115,252,223,1,98,0,8,0,0,240,124,243,231,195,226,253,255,48,152,17,102,196,140,204,120,254,249,49,48,248,255,0,244,225,127,248,15,255,240,207,127,255,255,255,15,2,0,15
72,233,131,204,18,242,135,76,134,112,15,144,207,115,236,63,0,192,136,25,113,17,129,8,227,207,199,3,248,255,128,57,227,206,195,8,140,224,140,251,33,32,48,254,15,8,224,221,248,31,255,241,143,127,254,255,255,223,7,0,63
225,243,13,4,128,255,10,10,77,251,112,136,199,241,239,231,17,32,0,0,0,0,64,48,193,130,1,252,255,111,3,200,162,182,209,54,109,35,155,237,88,216,236,11,240,192,193,126,176,15,246,96,79,251,255,251,219,255,9,241,48
1,232,157,71,0,230,7,0,16,252,95,159,203,115,236,255,63,126,143,3,0,0,240,248,227,192,196,96,120,255,64,2,128,0,48,0,3,0,0,0,64,192,241,254,127,192,255,255,152,27,115,49,7,128,254,253,255,199,32,119,11
161,143,205,7,0,255,30,30,207,251,7,128,197,241,255,199,31,127,4,0,0,0,112,244,129,2,0,248,255,239,207,223,15,224,192,124,204,119,190,249,242,241,253,190,1,0,2,134,128,27,124,193,7,8,249,242,241,253,255,119,0
10,237,143,65,16,238,7,0,20,253,91,67,104,62,49,192,33,110,128,1,0,0,131,184,226,197,207,99,248,255,0,0,16,67,100,140,198,251,95,16,33,250,126,223,136,52,224,1,120,1,63,240,131,127,254,253,255,31,132,0,1
56,255,3,64,255,174,183,219,29,72,240,196,34,254,187,32,0,0,0,120,254,231,15,72,32,65,254,255,127,217,60,225,74,184,250,255,0,128,107,174,95,95,143,34,244,218,240,51,252,4,10,255,239,207,191,127,126,60,132,0,56
64,233,11,4,0,254,207,22,203,250,128,136,199,241,238,55,0,96,0,8,0,0,0,120,225,195,195,227,127,255,138,153,108,38,195,100,76,102,186,253,17,16,252,59,240,3,224,126,184,15,247,112,143,127,255,255,255,15,3,240,53
1,237,141,3,16,255,39,4,146,244,15,3,204,99,252,223,61,126,130,7,0,0,251,248,225,193,195,227,249,255,240,31,159,65,176,216,139,13,4,16,98,35,252,253,15,30,0,0,88,10,251,176,244,255,255,253,255,3,128,15,31
97,253,9,166,193,255,60,86,219,250,128,205,231,177,255,71,17,88,4,142,248,0,72,252,241,227,3,251,255,207,63,202,229,118,215,46,237,34,130,253,17,184,252,3,0,199,224,47,184,1,23,240,231,255,255,255,255,7,0,112,0
119,13,91,238,75,248,244,55,232,222,173,1,0,128,1,48,255,251,255,254,223,155,12,64,19,111,39,18,237,141,190,187,253,110,79,100,68,164,246,219,17,181,203,126,224,15,0,0,0,0,6,96,64,3,31,127,27,28,3,0,60
75,237,159,78,83,242,231,61,162,215,143,9,126,65,184,181,39,246,159,7,145,17,137,72,98,207,207,3,216,255,240,191,31,64,192,72,157,237,236,179,35,33,177,255,13,154,231,243,249,61,143,227,16,7,28,254,255,31,7,0,52
32,248,7,131,96,238,31,66,93,248,240,21,139,111,204,254,143,30,0,0,96,7,63,248,224,129,215,235,127,255,15,128,64,39,249,246,64,112,115,73,146,144,252,115,240,199,242,61,56,6,199,249,142,231,255,191,63,7,1,200,63
0,204,159,3,112,254,7,66,73,250,176,220,139,123,252,223,45,30,0,0,16,22,191,252,34,64,228,35,254,255,72,135,200,33,122,116,67,0,2,8,16,213,235,122,240,202,255,191,200,23,200,255,15,0,251,255,231,211,255,207,31
97,253,11,6,1,255,188,118,219,222,164,73,38,201,153,56,1,64,0,12,128,0,64,108,177,99,35,186,239,141,190,153,125,102,199,108,204,110,246,221,17,176,221,119,96,7,225,73,120,14,207,240,196,239,191,127,63,15,0,0,30
216,73,139,254,65,254,183,86,159,248,133,5,1,112,255,15,39,222,143,255,255,1,8,0,226,199,199,163,255,255,188,136,233,255,7,0,196,36,230,251,49,240,251,255,0,30,8,224,235,71,44,196,175,254,250,1,252,251,255,2,3
97,93,3,0,0,251,165,116,154,222,141,3,6,65,250,55,0,96,0,8,0,0,64,8,33,66,64,176,253,223,120,21,89,69,174,200,138,124,108,145,35,35,255,237,13,62,32,90,136,14,209,16,205,233,183,111,79,131,233,221,30
231,233,137,255,193,255,255,63,192,255,129,133,0,252,127,1,1,248,255,15,248,0,88,124,241,227,227,243,255,255,190,221,255,247,7,0,238,118,255,93,58,56,252,1,0,199,224,15,56,0,15,240,223,127,255,255,255,15,2,0,1
103,253,137,231,65,255,255,62,192,255,0,252,3,122,244,15,9,252,255,79,224,0,232,252,243,1,163,211,255,239,191,175,255,239,7,0,215,62,22,24,176,244,91,126,0,199,235,31,16,0,58,224,175,255,255,253,255,255,129,3,0
32,79,3,0,111,216,62,52,250,215,173,205,231,129,255,75,2,144,0,52,192,31,12,0,0,7,7,131,237,205,62,0,157,64,55,232,255,14,116,208,169,171,215,245,46,199,145,107,228,138,12,64,64,110,249,255,19,248,127,0,26
64,232,3,0,0,242,67,22,203,250,133,136,199,113,238,63,0,0,0,0,0,0,0,0,163,70,1,160,254,255,8,152,8,38,194,68,76,100,162,249,16,16,249,62,112,10,129,94,160,15,244,64,15,122,235,223,211,235,123,250,55
75,249,217,239,1,255,63,192,31,248,200,159,139,99,252,95,17,94,4,254,251,8,248,253,227,195,3,224,253,255,63,128,224,239,71,36,196,50,214,88,16,180,90,127,32,231,255,255,184,23,64,97,15,128,255,255,223,239,33,254,15
56,77,83,170,107,248,188,208,27,218,236,69,0,78,153,120,38,153,72,254,255,191,13,64,146,101,103,19,237,141,62,137,196,106,255,237,64,34,246,218,145,180,219,119,98,135,144,32,36,0,4,249,79,6,255,255,19,24,103,0,62
71,237,217,239,1,251,229,63,192,252,1,23,131,114,244,31,51,247,255,223,185,0,192,136,243,231,70,32,252,191,240,191,255,239,7,4,204,236,238,251,49,48,187,127,0,222,99,31,16,0,98,49,15,241,255,255,239,199,129,255,15
64,253,0,228,9,255,128,229,31,144,201,159,207,97,254,31,0,0,0,248,251,8,240,125,33,102,0,32,252,31,0,159,213,103,253,255,0,16,66,8,19,18,90,127,168,53,121,90,158,255,255,52,253,249,231,1,76,167,105,255,30
176,199,3,0,99,204,63,94,223,255,19,64,163,127,255,88,0,16,0,0,128,23,30,96,0,1,255,195,127,238,63,166,139,233,62,253,211,141,12,186,246,247,51,254,21,88,128,29,96,7,237,255,143,118,218,181,191,219,247,2,7
119,237,221,231,1,255,229,62,193,252,0,3,252,119,0,143,51,255,238,143,184,0,192,252,255,247,67,112,255,159,240,189,31,32,96,4,206,252,254,8,16,48,251,127,0,94,192,0,48,152,255,113,15,131,255,255,223,15,0,240,15
224,239,9,6,129,239,247,62,193,255,128,232,118,221,47,37,1,240,128,13,128,0,0,64,96,193,194,251,127,255,244,93,123,215,70,90,166,125,255,180,105,104,255,129,13,24,141,247,251,109,188,198,59,94,112,240,252,123,223,3,32
37,255,79,167,129,255,254,189,162,7,143,120,191,111,68,222,25,125,70,14,192,0,112,244,209,35,3,255,245,207,255,255,157,8,81,45,215,14,144,90,180,180,67,246,34,199,245,125,125,47,207,242,252,119,14,190,63,3,2,0,31
8,230,135,0,50,246,7,129,228,7,95,2,202,119,234,247,0,6,0,0,0,3,3,24,96,206,195,228,24,255,1,170,160,170,84,149,223,143,130,123,21,212,2,126,176,52,224,9,248,3,127,251,207,127,255,255,255,9,2,64,10
32,255,1,0,200,153,124,34,81,253,112,227,114,221,63,33,0,0,0,0,0,5,8,128,0,1,50,126,223,136,53,200,28,50,71,230,231,46,243,204,153,250,255,1,224,167,208,39,244,129,62,233,75,223,253,251,210,252,27,49,32
0,237,3,0,112,238,39,48,88,255,254,193,225,126,247,0,0,0,0,0,0,1,9,72,98,197,231,99,255,255,48,128,25,96,6,204,193,13,238,248,241,255,255,255,0,30,224,11,248,2,95,241,143,47,254,255,255,159,6,0,10
88,253,129,74,115,250,231,126,195,248,129,209,235,127,253,26,0,162,202,20,153,149,11,200,242,101,254,35,253,159,176,145,251,238,142,68,72,196,238,251,119,19,185,127,64,30,120,189,223,215,251,255,239,253,247,171,1,213,180,111,15
224,247,1,128,225,255,223,255,231,1,3,142,71,144,239,7,0,40,135,135,224,143,127,120,193,195,131,255,255,255,31,251,247,255,255,255,145,128,132,255,109,108,0,140,1,224,225,95,128,8,22,0,241,255,255,255,255,255,8,17,0
65,253,13,6,0,255,52,149,186,86,143,221,207,115,244,223,17,112,0,8,0,0,112,109,49,107,3,246,237,143,60,184,9,110,198,205,220,236,230,187,17,49,153,126,64,222,241,127,120,15,239,240,222,127,255,255,255,3,50,96,15
112,253,3,2,225,255,191,116,155,250,173,205,195,184,255,3,0,24,0,6,208,0,15,248,240,193,227,251,255,255,190,197,125,115,39,46,226,126,127,20,184,251,255,129,2,199,225,103,248,9,63,240,194,127,255,255,255,91,22,0,1
1,173,221,44,0,49,32,224,179,148,73,3,92,134,0,225,119,67,4,152,25,0,64,12,55,110,0,48,140,17,48,0,240,110,212,141,221,40,194,123,17,54,26,95,136,52,192,64,188,152,23,112,193,11,127,255,94,12,2,16,32
8,237,151,74,82,224,39,0,48,165,95,11,135,33,254,223,63,150,136,16,49,27,139,8,98,199,198,2,216,255,32,0,160,234,86,221,213,45,198,251,49,246,155,127,0,62,65,249,80,15,234,0,4,117,254,255,255,247,229,79,31
72,240,3,136,58,112,11,204,174,51,7,24,143,1,252,31,0,0,0,16,97,191,135,16,198,206,205,65,176,127,3,59,195,206,248,121,136,96,140,243,34,32,48,188,7,192,195,237,112,11,14,0,0,55,254,255,255,223,2,0,11
72,61,0,236,58,115,129,238,31,248,0,15,129,32,247,11,0,128,128,248,127,159,7,0,115,230,64,32,188,55,0,145,211,231,252,253,64,96,206,57,115,50,122,127,128,244,25,108,2,3,0,0,224,176,255,0,129,193,58,118,11
72,253,129,236,16,119,129,110,87,188,72,191,3,64,236,63,0,64,132,249,61,8,195,152,123,230,192,96,190,51,128,153,115,239,69,132,196,248,222,121,17,50,122,95,136,244,225,124,56,6,2,112,204,251,255,223,223,143,1,252,63
79,237,223,239,83,250,231,61,130,240,15,223,171,123,244,154,127,255,223,15,241,16,201,124,247,239,231,35,252,255,240,255,31,0,192,12,204,244,254,251,51,32,184,255,0,158,247,255,253,55,255,243,31,2,8,254,255,223,3,0,15
7,237,223,103,17,251,229,62,192,255,9,255,239,115,240,223,57,127,206,143,145,0,241,253,243,231,70,34,253,159,240,189,27,33,96,76,222,253,126,8,48,49,185,127,64,222,255,255,255,63,249,19,14,0,128,238,231,195,252,239,15
95,237,253,231,81,255,119,2,193,255,128,33,252,175,0,202,255,255,252,143,249,16,201,252,255,255,71,34,253,223,248,191,31,0,192,12,220,239,254,251,17,16,184,127,0,222,243,255,252,159,255,225,6,3,255,255,255,223,0,32,7
65,141,31,12,0,160,245,53,154,214,143,1,128,97,252,159,127,224,159,24,0,0,0,0,3,6,4,0,128,223,216,63,29,64,196,168,141,106,212,83,161,162,82,247,14,119,0,0,0,0,104,129,6,52,210,254,247,209,254,102,11
180,255,201,231,249,255,184,195,31,8,16,238,3,144,127,67,157,31,68,255,255,136,127,254,241,227,163,255,255,207,31,161,192,239,255,255,0,160,130,251,21,84,0,126,16,200,251,127,252,7,3,112,193,255,255,255,95,4,0,112,0
97,237,15,4,0,249,60,34,81,252,112,131,197,241,239,199,19,112,0,8,0,0,64,128,83,167,2,80,247,138,55,152,28,38,199,228,76,110,250,233,17,144,250,127,240,39,192,14,240,15,254,224,15,127,255,255,251,255,27,240,0
48,253,196,3,253,255,254,63,130,248,141,255,231,49,255,199,8,56,0,6,192,239,47,252,241,1,227,255,253,207,127,213,93,85,233,239,130,242,127,0,186,163,220,149,2,167,254,191,255,231,253,255,255,127,97,226,1,248,255,127,0
97,253,13,4,0,216,60,26,77,251,112,128,197,176,239,207,1,96,0,0,0,0,0,192,1,3,2,66,127,170,55,136,104,34,66,68,68,52,243,204,17,153,239,51,240,15,192,109,112,3,110,224,198,255,255,255,255,223,0,34,7
11,205,159,79,17,242,39,96,150,180,79,155,207,115,236,223,53,118,141,12,17,16,209,121,35,206,71,32,248,255,48,146,136,38,246,196,95,77,162,137,19,19,169,127,240,222,255,159,0,191,241,17,15,0,226,199,199,195,253,255,31
65,249,9,4,0,246,195,42,85,253,80,154,78,83,168,55,1,96,0,8,0,0,64,128,227,198,1,64,190,119,129,137,98,162,64,20,68,97,186,251,17,80,232,126,112,8,225,112,56,12,135,112,200,219,255,223,95,14,1,240,52
1,173,221,0,24,51,96,177,248,7,236,1,8,95,184,181,125,99,223,0,0,0,241,15,33,70,64,32,140,17,248,239,155,0,80,197,215,13,128,186,21,125,139,110,212,30,0,16,8,132,241,88,223,123,239,223,135,2,123,255,55
39,254,220,67,121,255,53,129,224,7,15,155,205,32,244,207,93,127,199,7,128,142,127,253,49,99,66,246,253,159,116,162,128,32,112,221,255,15,128,154,52,117,11,126,0,218,49,95,8,138,113,16,240,127,243,239,135,1,252,127,11
53,253,220,35,123,255,52,2,219,255,160,9,228,1,255,203,191,31,196,135,248,223,79,252,243,227,99,242,255,143,124,170,128,42,208,253,223,143,130,251,21,116,11,126,64,26,65,64,56,9,39,0,192,255,255,255,159,13,0,112,3
75,201,155,76,16,34,231,45,162,20,15,159,3,114,224,63,33,226,159,13,17,0,176,25,38,76,204,32,136,255,160,18,233,207,18,72,157,5,164,179,102,33,177,172,13,90,224,9,64,16,79,241,132,39,190,252,255,159,164,4,10
1,13,94,14,1,184,244,55,130,222,141,3,129,32,244,158,63,240,223,14,0,0,64,128,3,7,0,0,236,159,252,255,31,64,176,200,139,12,100,144,35,35,219,255,12,95,0,8,0,10,73,144,132,36,151,47,47,129,164,79,31
64,205,3,4,65,250,183,100,158,252,15,139,246,145,239,39,2,144,0,148,144,11,9,0,33,199,67,98,253,255,116,91,89,86,222,218,132,100,229,253,33,32,253,165,13,158,129,99,224,8,28,64,16,78,56,255,255,126,95,16,48
8,192,151,72,18,226,71,40,48,165,91,3,90,255,136,247,39,230,137,17,49,17,3,8,98,204,204,34,24,255,224,47,22,0,84,145,21,43,200,98,1,254,34,91,187,52,128,0,112,16,31,241,139,15,126,255,255,30,6,0,32
229,253,73,167,129,255,254,55,200,218,165,201,247,241,255,7,27,248,198,222,192,0,96,224,177,3,3,254,255,223,254,223,125,118,7,42,236,126,247,221,169,184,252,149,2,7,133,255,255,175,252,194,127,126,0,242,243,251,127,115,0
97,233,11,230,1,255,245,54,202,254,133,169,247,245,239,7,1,240,134,158,208,0,64,192,177,67,3,242,255,223,188,91,249,246,71,8,172,108,229,253,33,40,253,133,12,30,141,255,255,255,252,198,63,126,0,208,240,251,127,51,1
101,253,77,38,0,253,56,26,207,251,176,0,100,144,255,225,191,125,68,140,0,0,112,228,17,35,2,216,255,12,255,217,27,162,202,220,204,125,239,189,81,113,255,111,208,26,0,0,184,136,31,240,225,255,255,255,126,44,10,17,48
96,93,91,44,8,177,48,192,27,222,236,7,0,64,136,117,119,129,4,184,11,9,64,0,23,46,0,0,132,0,56,0,224,110,79,236,68,110,246,219,17,178,219,119,232,183,192,48,48,6,0,97,12,99,255,255,27,175,67,216,62
65,240,141,7,0,254,79,10,69,249,112,188,95,87,136,247,49,108,4,11,0,0,240,250,235,199,131,193,126,255,203,157,30,163,96,84,70,245,123,0,80,208,233,123,240,200,243,255,188,31,151,113,9,203,255,255,223,47,1,240,52
225,253,11,6,1,252,254,30,199,249,18,88,175,99,244,158,1,96,0,12,0,0,0,192,211,3,3,194,245,239,255,189,15,239,227,125,222,247,126,250,244,245,57,126,17,128,67,253,80,15,234,160,14,245,255,187,171,223,129,110,15
1,252,141,70,81,250,37,0,113,175,112,215,3,122,245,218,33,119,200,13,185,0,177,220,114,229,230,98,253,191,48,138,224,170,87,4,69,13,128,234,17,252,235,127,240,222,243,31,16,2,66,177,15,161,255,255,255,151,128,79,15
3,200,159,135,0,236,31,141,166,5,31,2,136,99,200,254,127,254,157,15,0,0,0,112,193,207,131,195,121,255,207,191,31,0,208,61,221,131,128,251,85,84,0,126,16,0,128,0,96,0,239,240,142,119,222,255,255,31,6,0,63
37,253,253,167,193,255,60,2,201,250,160,129,228,249,255,195,255,255,70,14,192,0,64,228,145,35,3,251,255,207,127,192,4,48,193,110,236,102,247,221,153,184,252,1,34,7,64,0,176,17,126,225,15,155,255,255,251,255,1,48,0
7,240,221,199,0,247,3,2,65,120,176,252,223,119,192,255,49,111,132,10,0,0,240,254,251,231,67,225,254,127,8,128,0,35,232,36,78,242,186,8,16,16,232,58,112,195,255,255,188,31,247,113,15,129,255,255,223,15,1,240,55
3,248,221,69,0,247,3,0,195,120,0,156,207,115,238,255,51,110,128,0,0,0,192,56,243,230,193,96,188,119,0,2,128,102,209,44,205,2,128,251,16,48,120,126,0,193,243,158,184,31,247,113,15,225,255,223,223,239,1,252,63
3,248,205,4,0,255,33,0,203,90,133,220,207,115,244,223,17,99,0,0,0,0,240,253,243,99,64,48,252,31,8,132,128,101,186,76,203,20,2,8,118,17,185,62,64,202,115,127,152,15,243,48,207,253,255,255,207,195,176,255,7
65,240,0,0,16,119,1,6,195,255,0,152,207,97,238,223,0,0,0,0,0,8,99,152,251,194,192,224,190,119,1,204,32,55,96,6,238,115,255,12,0,24,252,1,48,32,97,94,152,15,243,48,236,249,255,205,207,135,129,255,30
193,242,13,133,160,239,143,221,190,17,15,252,219,127,170,247,1,12,0,8,96,0,118,121,224,192,195,239,121,255,195,51,239,204,147,25,153,193,12,243,254,7,0,254,7,64,225,95,248,15,255,240,255,127,254,253,255,3,2,0,60
33,252,7,0,128,238,31,50,89,238,244,133,195,241,239,231,0,0,0,0,0,0,112,104,0,0,64,233,123,255,24,198,140,49,51,102,99,6,51,204,152,217,255,3,240,199,160,62,168,7,245,80,255,127,250,245,255,107,127,251,53
224,199,15,0,0,252,30,28,254,255,31,128,197,241,255,199,3,24,0,2,64,1,4,32,192,135,131,195,255,255,31,176,39,238,199,61,221,239,254,251,247,100,32,254,17,32,128,66,224,15,252,192,11,126,248,251,251,255,127,48,32
65,237,11,4,0,254,231,62,199,253,16,218,239,99,244,158,1,224,0,8,0,0,0,128,227,199,199,98,252,255,161,169,115,234,68,157,212,233,206,251,117,116,10,126,0,184,225,253,120,15,239,240,142,119,254,255,255,223,135,0,15
193,255,8,4,0,242,225,46,215,189,19,138,199,113,238,63,0,96,0,8,0,0,64,128,99,3,0,96,248,255,160,186,251,238,86,221,221,173,238,187,117,119,3,254,29,56,64,126,144,15,242,32,79,249,231,203,203,231,121,255,63
32,13,86,10,106,208,60,16,154,222,173,1,128,104,253,222,126,187,75,116,9,191,13,0,0,0,36,3,236,15,126,128,5,96,113,236,215,46,246,216,177,247,219,255,2,39,0,8,0,130,96,25,78,112,195,135,131,193,245,238,15
97,141,219,110,65,184,244,54,138,218,173,1,128,112,255,15,63,251,207,254,217,0,72,192,19,7,2,2,253,143,188,155,249,239,6,68,204,100,166,153,49,49,185,127,68,30,0,0,0,0,84,193,13,46,255,255,243,251,127,84,26
0,136,8,236,0,241,8,196,158,80,143,204,193,176,119,67,23,69,4,248,251,0,80,4,1,230,1,112,252,15,1,0,224,246,219,78,129,4,128,253,32,33,253,164,4,203,135,175,224,1,20,193,3,26,120,254,241,253,62,48,0
224,241,200,244,137,255,128,235,23,140,88,239,0,144,35,33,25,71,198,249,254,136,114,158,121,162,0,252,255,3,161,160,240,255,5,133,80,248,223,42,21,118,2,94,152,244,241,55,56,0,0,112,193,223,127,255,94,12,0,48,32
117,121,255,131,122,247,138,86,139,248,133,8,4,128,69,202,255,159,4,147,96,223,15,160,209,162,129,209,254,111,75,223,15,80,248,126,160,96,183,253,170,40,252,129,6,3,1,224,120,11,14,0,128,55,222,190,191,93,2,0,7
202,201,19,204,83,240,247,21,168,66,173,77,0,0,241,48,34,224,159,191,211,19,13,0,162,79,79,3,232,255,184,178,232,239,7,0,93,71,162,251,215,17,136,126,240,203,192,9,0,0,78,241,13,39,190,255,127,159,6,0,26
103,253,221,39,1,249,60,2,201,254,160,125,62,75,144,240,191,255,76,15,128,0,192,244,243,167,35,18,255,143,255,187,31,32,208,236,205,46,130,251,17,144,217,127,96,199,243,159,176,24,158,225,1,131,255,255,123,62,1,16,48
199,225,255,207,1,248,255,189,162,23,15,254,114,156,35,161,93,251,223,175,210,0,240,125,165,107,3,246,233,223,254,191,255,207,7,9,159,143,4,243,230,39,0,254,15,193,247,255,253,63,62,227,1,2,56,254,251,126,15,16,32
53,252,95,167,105,253,60,192,59,0,165,141,64,144,255,7,95,219,215,254,218,139,77,100,177,107,35,254,237,141,62,0,192,110,255,255,64,160,146,255,21,148,9,126,96,199,215,255,160,1,16,65,3,26,253,251,211,253,127,113,0
53,140,223,227,121,255,63,192,31,248,129,199,227,254,255,195,63,31,193,191,248,130,95,124,224,227,227,243,255,255,63,0,192,245,191,255,8,80,6,25,254,3,252,135,0,222,255,159,6,248,255,255,15,128,255,1,0,252,3,48,0
203,57,144,253,115,230,199,63,224,255,15,8,135,97,238,63,34,254,255,255,241,31,15,56,227,199,199,227,120,255,128,43,255,255,7,0,149,47,156,242,1,228,243,254,15,0,223,216,191,255,255,4,112,227,0,1,8,143,65,252,63
15,239,151,203,123,254,199,63,224,255,15,3,32,254,31,184,62,254,255,23,240,31,15,248,226,193,199,227,249,255,192,255,31,0,0,8,255,63,254,16,32,252,255,255,15,52,208,0,116,128,15,251,207,127,255,255,27,28,0,0,52
64,233,15,0,0,224,231,84,138,82,165,137,68,16,98,3,0,0,0,0,0,0,0,0,163,70,69,0,40,221,24,24,9,70,194,72,140,100,164,219,32,33,145,190,70,11,192,7,240,1,62,224,3,31,255,254,255,125,22,0,1
64,233,1,0,0,85,202,70,195,248,129,129,64,144,34,1,0,0,0,0,0,0,0,0,128,2,1,129,180,70,11,152,21,102,197,172,204,122,215,93,179,176,92,215,34,39,224,5,120,1,47,240,130,63,255,255,255,29,2,0,3
96,189,0,0,128,187,224,175,247,173,88,195,100,152,51,33,0,0,0,0,0,0,64,4,17,99,2,252,223,9,52,216,27,246,198,222,236,109,239,191,89,123,191,35,212,26,224,0,56,0,7,112,192,223,127,255,30,12,0,0,52
0,16,0,0,0,0,0,2,65,232,240,3,0,0,238,63,0,0,0,0,0,0,0,0,0,0,0,0,2,0,0,72,0,18,64,2,36,48,129,4,0,8,236,1,255,62,0,0,0,0,0,0,32,192,224,1,194,231,249,255,63
0,0,2,0,0,0,0,2,65,232,112,2,0,0,238,63,0,0,0,0,0,0,0,128,0,0,0,0,2,0,0,68,2,145,32,18,34,49,9,36,72,200,231,1,255,24,0,0,0,0,0,0,32,248,224,193,195,247,253,255,53
65,184,0,0,0,0,0,0,0,232,112,7,0,0,238,63,0,0,0,0,0,0,32,128,1,0,0,0,0,0,0,8,0,2,64,0,4,32,194,104,1,208,239,123,248,53,0,0,0,0,0,0,0,253,255,237,255,247,249,255,63
64,224,3,0,0,0,64,10,69,233,114,2,0,0,238,55,0,0,0,0,0,0,16,0,0,0,0,0,0,0,129,136,34,162,64,20,68,49,251,232,1,252,239,123,241,32,0,0,0,0,0,0,144,127,254,253,255,251,255,255,48
72,232,3,192,114,230,135,226,31,248,112,143,199,241,255,39,0,0,0,248,245,31,15,0,96,196,196,96,122,255,0,1,210,128,252,255,0,0,200,109,65,82,254,91,249,52,201,79,242,91,255,224,39,191,254,249,253,255,182,2,3
97,237,79,38,1,249,244,62,195,254,129,205,66,152,255,161,17,241,68,12,128,0,64,196,243,163,2,82,255,143,55,156,105,231,230,76,206,125,239,136,16,49,253,111,64,222,192,3,160,0,30,225,1,15,253,255,123,254,11,16,48
225,255,9,4,0,17,56,253,190,23,143,8,4,128,255,7,0,0,0,0,0,0,64,128,1,2,0,24,134,0,63,250,159,254,215,255,253,15,132,255,191,32,24,134,0,7,0,0,0,0,0,0,224,255,255,255,255,239,121,255,1
154,239,131,200,127,230,7,216,127,231,126,240,251,255,29,56,0,128,136,127,255,247,143,8,230,253,255,35,120,255,0,136,130,234,87,253,247,175,138,250,17,252,43,126,240,8,226,159,248,255,255,255,143,247,254,253,255,223,135,0,63
97,13,138,102,1,251,181,118,155,254,141,251,255,115,228,159,17,114,140,140,128,0,208,108,163,231,3,32,255,223,252,157,57,67,102,72,206,252,255,144,32,32,255,255,12,159,191,255,239,255,253,7,2,0,0,0,132,67,254,255,7
74,237,147,76,83,240,231,127,26,208,141,7,1,50,244,11,34,226,223,255,251,17,129,8,231,239,79,35,200,255,120,187,95,100,252,253,0,192,206,251,119,18,56,127,0,52,226,135,248,27,255,241,7,23,254,255,255,127,6,0,1
39,141,252,39,0,241,96,48,224,222,237,1,236,51,240,207,255,127,78,10,0,0,224,172,179,2,0,16,254,13,218,191,29,32,240,237,223,46,146,88,145,180,91,119,160,39,38,244,13,189,161,19,138,80,66,135,134,66,95,187,37
72,13,128,200,123,242,167,236,159,244,15,7,3,96,254,31,34,130,137,245,243,191,15,0,34,196,199,35,248,255,160,19,251,239,6,72,137,76,228,179,103,35,177,239,13,222,1,0,0,8,0,0,48,72,0,0,68,34,75,249,52
7,189,252,71,128,187,225,45,160,20,11,155,221,50,102,199,127,119,199,13,0,0,240,221,97,195,66,116,221,187,112,12,9,64,98,74,174,244,111,144,32,41,181,164,13,218,127,255,223,59,83,51,149,33,134,78,77,1,160,95,10
1,254,13,0,128,7,10,133,243,4,129,159,199,113,238,223,1,96,0,0,0,0,112,187,1,2,0,252,33,244,202,127,149,95,253,171,191,186,85,16,173,174,82,213,138,245,97,124,24,6,195,48,252,255,239,223,207,131,96,255,31
3,254,173,69,128,47,67,39,224,156,73,255,75,126,48,161,25,98,182,9,0,0,112,159,125,64,64,124,26,51,32,4,0,81,36,138,162,248,127,0,232,254,126,197,139,180,229,111,255,39,63,242,243,127,86,252,253,1,148,2,1
8,62,0,72,126,178,33,224,182,165,91,139,207,97,238,63,0,128,0,48,17,255,15,0,34,206,206,34,152,187,32,128,137,224,250,255,223,5,38,186,116,117,185,126,68,154,17,254,140,135,224,8,78,120,227,199,3,227,121,255,63
103,89,127,7,129,153,252,54,64,222,236,159,131,99,252,255,255,255,255,207,0,0,240,224,129,2,0,128,229,204,223,189,52,0,5,160,86,250,86,64,145,150,74,87,170,231,255,159,0,18,64,1,12,128,243,199,3,131,255,255,31
67,9,152,108,1,178,229,63,0,248,128,133,1,58,247,11,35,226,255,159,17,0,0,0,99,198,68,0,220,191,224,191,127,229,2,0,72,244,46,137,114,1,184,126,68,202,0,36,0,0,0,0,3,24,112,244,252,123,254,51,1
229,9,252,7,1,255,252,55,192,222,236,133,0,208,175,165,191,255,255,143,0,0,112,232,161,3,1,248,255,221,218,255,31,0,0,160,36,122,215,93,137,154,254,81,170,245,0,0,0,0,0,64,89,95,125,255,82,126,75,177,48
8,238,3,72,118,162,39,132,182,55,15,138,207,1,254,63,0,0,0,48,49,63,11,0,98,204,206,34,152,255,32,16,1,68,176,185,255,79,4,115,246,35,48,254,15,32,81,94,148,159,255,0,64,121,255,255,3,231,225,255,31
72,233,129,76,19,242,231,62,16,252,88,151,129,58,246,11,2,226,200,25,57,17,3,8,114,228,247,99,254,63,160,155,254,166,143,4,64,64,202,233,211,19,232,127,240,112,224,15,112,19,127,249,143,63,255,255,255,223,148,2,3
37,253,93,7,0,249,56,0,219,222,200,255,239,58,246,203,57,121,0,8,0,0,224,228,243,39,34,16,255,15,63,0,0,111,229,173,222,250,214,72,17,182,74,127,160,245,255,255,252,27,119,113,7,128,255,255,255,109,16,115,1
75,173,221,68,16,243,65,46,211,253,72,3,253,127,247,139,163,230,168,9,52,0,1,154,107,213,214,106,126,179,224,220,55,100,4,132,238,123,255,125,51,50,254,79,136,52,0,132,222,211,255,255,15,145,255,169,236,116,144,39,1
33,255,77,6,128,155,48,0,223,255,201,223,143,34,240,218,25,97,0,8,0,0,240,254,17,35,0,16,255,12,62,164,144,239,245,189,223,155,66,8,180,246,10,127,160,245,251,255,72,27,105,145,6,160,255,255,167,193,180,110,15
200,249,1,220,49,238,135,238,31,248,0,198,65,254,255,1,0,192,130,253,247,0,3,152,238,193,222,227,123,255,160,21,227,255,143,0,8,208,127,17,254,3,252,141,9,184,76,175,211,3,0,167,63,189,180,32,253,247,165,15,10
67,248,1,0,128,255,167,228,146,148,141,255,115,255,187,101,0,0,0,8,0,0,240,255,119,79,72,36,136,191,96,93,85,87,237,170,174,122,85,16,162,34,220,213,14,103,224,3,248,8,31,240,241,255,255,255,255,3,0,0,8
0,205,3,0,128,255,131,100,146,156,73,131,66,209,238,55,0,0,0,8,0,0,16,0,0,0,64,252,249,255,32,21,85,69,173,168,138,90,84,81,171,162,94,213,10,37,0,27,192,14,216,128,29,108,176,253,255,255,239,157,56
200,201,3,220,1,32,167,102,31,248,192,3,222,247,142,63,35,192,169,253,247,1,0,0,10,223,214,2,90,240,180,83,244,255,7,0,8,74,209,223,191,3,212,209,174,55,0,8,194,127,255,133,47,252,240,1,253,243,253,239,15
103,249,141,199,161,255,223,63,130,248,15,191,195,241,238,55,21,126,135,239,240,0,112,122,225,195,131,239,123,255,223,93,127,85,167,8,170,242,127,16,234,35,252,133,15,231,255,95,251,239,255,116,255,255,254,13,252,3,0,255,48
103,249,237,118,129,191,96,135,224,0,0,252,195,241,238,135,21,119,247,141,152,8,112,127,113,227,2,252,223,27,176,202,234,190,66,0,101,37,130,191,0,88,173,2,80,218,63,127,143,39,241,18,255,120,226,199,199,227,253,255,15
0,238,1,0,0,226,7,10,69,249,18,192,98,255,255,33,0,0,0,0,0,1,0,0,0,0,196,96,126,255,64,64,10,144,2,82,32,5,41,164,72,249,255,41,85,24,192,7,240,1,62,225,3,31,254,255,255,127,31,0,33
8,136,1,8,22,32,131,212,138,80,143,197,3,126,255,26,2,128,1,120,19,23,0,0,0,4,252,3,0,119,8,147,204,45,187,101,72,64,50,201,246,1,200,62,96,203,144,46,164,1,0,255,79,58,233,254,19,232,62,112,1
71,232,205,231,1,255,7,0,160,1,7,16,255,119,224,223,125,127,207,175,248,0,240,125,225,227,195,241,253,255,193,191,190,34,0,0,69,37,128,235,0,208,233,122,240,74,224,9,8,8,255,240,255,127,255,255,255,3,0,0,30
33,246,15,2,192,136,60,128,125,39,126,214,171,123,245,218,13,49,0,0,0,4,184,245,16,1,174,19,197,142,63,36,128,201,55,249,183,159,40,2,236,255,3,252,127,202,111,61,88,7,235,180,174,245,214,173,175,147,180,79,15
192,224,143,4,128,255,7,233,52,5,91,159,197,48,102,199,1,100,0,8,0,0,80,25,97,202,194,252,153,255,225,187,146,174,212,149,93,233,194,127,7,6,0,94,184,244,225,79,248,11,127,240,151,127,254,255,255,11,6,0,10
1,226,143,1,128,255,7,192,166,1,15,252,207,115,240,223,93,126,0,8,0,0,112,125,225,202,193,252,185,255,1,0,128,22,216,2,45,0,129,237,10,8,252,0,119,192,225,127,184,15,247,112,223,127,255,255,255,11,2,240,30
65,253,13,4,0,246,7,131,101,3,112,140,199,113,238,255,1,64,0,8,0,0,64,184,225,194,65,225,123,255,8,170,240,170,84,149,85,169,130,235,21,212,3,126,240,244,225,94,184,15,247,112,143,251,255,255,223,15,65,248,55
7,248,205,101,128,255,193,63,160,16,3,220,207,115,244,159,17,102,198,11,16,0,240,253,247,195,64,240,253,127,192,189,15,33,160,5,90,240,63,0,86,16,8,62,112,8,100,124,255,47,243,50,255,127,130,207,207,3,224,255,31
193,9,11,237,1,244,202,62,130,252,11,3,135,97,204,31,19,224,223,191,121,0,64,0,195,230,1,0,252,127,139,155,245,255,7,0,140,106,214,123,33,160,90,255,10,53,255,236,127,255,239,103,54,51,0,0,157,205,32,228,15
117,253,197,98,217,187,176,66,95,248,224,253,78,0,176,97,16,19,196,200,157,136,249,238,59,115,34,56,255,9,56,137,72,247,254,223,0,116,239,140,17,25,191,35,196,222,241,119,252,12,7,112,224,255,255,255,31,4,0,144,48
71,237,223,135,0,255,203,62,194,254,129,41,223,229,142,255,191,255,142,15,0,0,224,248,243,199,3,225,255,255,202,255,31,0,192,44,204,98,247,221,33,176,252,247,0,231,247,254,189,63,198,99,12,2,12,255,31,143,67,240,63
0,253,197,64,90,251,33,102,215,253,73,223,109,0,112,192,32,38,128,1,16,159,251,220,115,231,228,96,252,63,224,148,19,101,164,156,202,249,126,24,243,50,122,127,128,116,227,197,112,152,63,96,0,3,127,255,254,92,0,0,33
11,173,148,1,50,246,3,36,146,252,11,3,205,32,116,203,62,46,138,1,16,159,231,152,99,192,196,96,188,127,192,191,23,64,160,156,222,251,94,16,246,34,122,255,8,52,0,64,88,11,123,0,160,189,255,236,237,149,132,7,11
7,252,252,71,144,255,7,192,182,148,15,159,139,99,224,255,253,127,135,239,240,8,241,255,97,66,64,244,249,255,32,2,129,64,24,137,145,8,132,51,37,38,18,253,15,244,255,63,8,2,1,48,236,249,231,207,207,3,224,255,31
72,237,3,140,0,240,159,76,134,113,15,0,143,99,220,62,0,224,8,27,33,17,128,0,227,207,199,3,248,255,135,153,227,238,195,28,204,225,142,251,49,48,56,254,0,0,192,253,120,31,239,241,142,119,255,255,255,223,3,0,63
32,239,1,0,176,255,79,42,245,191,90,195,98,253,191,33,0,32,0,0,0,1,2,144,65,130,128,252,255,191,225,200,55,242,69,190,255,59,223,124,121,250,126,197,136,244,192,23,240,5,190,224,11,255,255,255,251,255,1,16,48
161,230,11,135,97,236,255,191,100,39,126,230,243,253,47,1,0,252,23,15,224,0,46,240,192,129,131,199,241,239,183,170,227,235,23,25,215,143,136,250,101,252,3,254,17,32,193,255,249,15,254,224,145,127,252,253,255,255,135,0,24
11,237,143,199,113,238,255,63,128,249,15,66,168,123,241,152,9,254,203,7,240,0,191,248,224,193,255,227,253,255,231,255,31,0,40,248,130,241,127,16,240,243,255,255,15,184,225,127,248,15,15,240,128,127,254,253,255,31,132,0,24
3,253,140,67,113,255,167,124,158,240,15,159,135,1,252,223,63,62,135,231,240,30,255,248,225,193,195,227,253,255,240,255,31,64,248,254,128,16,4,16,226,35,252,253,15,222,241,127,248,15,15,16,240,255,255,255,255,3,0,0,15
181,239,247,187,127,136,60,152,108,103,246,64,112,255,191,224,255,251,255,254,223,183,12,64,16,45,63,147,229,140,190,160,168,170,7,69,247,175,186,234,213,253,139,126,244,10,208,133,246,255,255,255,79,151,255,251,19,252,7,0,33
96,253,157,3,97,236,191,86,91,250,160,245,43,127,145,248,33,26,0,10,209,16,188,106,170,85,87,131,127,253,94,145,93,100,185,236,200,82,118,217,255,3,216,127,34,199,251,159,248,22,255,241,15,129,255,253,255,31,0,0,62
96,253,3,4,0,187,112,18,73,202,228,1,4,0,0,48,1,96,0,8,0,0,64,76,177,99,3,176,239,157,188,136,104,34,66,68,68,100,226,253,17,16,255,127,240,30,225,65,120,8,15,240,192,239,255,127,63,12,2,0,56
0,77,159,0,16,242,167,118,91,218,164,253,139,115,248,127,32,2,136,72,81,20,181,232,162,69,69,3,120,255,88,181,74,37,234,245,66,240,126,8,214,19,136,126,240,202,238,186,185,6,128,119,13,97,174,93,127,143,65,220,62
218,73,219,255,115,250,247,124,158,248,143,9,253,129,79,79,63,223,141,255,255,27,15,72,227,231,199,163,253,255,252,187,255,238,7,0,196,160,238,251,1,244,27,254,0,26,9,192,251,255,255,0,48,182,16,0,252,251,255,0,3
33,13,15,6,0,251,52,84,154,222,141,1,4,65,248,252,31,115,0,0,0,0,64,64,33,67,2,176,237,159,60,128,9,102,206,204,204,108,230,153,51,51,187,111,68,30,0,0,8,14,193,16,204,231,191,127,15,131,224,204,30
56,134,3,128,114,236,159,84,138,90,165,192,224,255,255,33,6,136,11,118,209,151,13,0,0,0,255,131,255,223,94,79,12,16,123,102,39,6,49,196,136,253,223,17,102,71,144,6,0,129,180,223,79,126,249,247,147,248,127,178,33
0,237,3,0,82,242,39,20,234,247,143,140,199,97,254,31,0,128,0,16,0,31,15,0,34,199,71,35,126,255,56,152,9,102,210,92,223,111,166,251,49,49,185,126,0,218,129,127,224,15,236,64,2,126,254,255,255,251,127,32,7
124,205,211,254,91,184,245,247,25,202,228,213,35,126,247,8,38,219,251,254,223,147,141,76,50,101,127,3,239,141,188,171,251,255,7,0,64,4,162,187,17,117,155,127,64,94,255,159,238,252,255,255,11,130,59,51,16,56,95,0,48
7,141,217,239,17,251,229,63,192,255,128,3,236,99,244,159,59,255,206,143,185,8,193,220,247,231,67,32,252,159,112,128,0,32,64,4,204,249,254,251,17,48,58,127,0,60,0,224,255,39,102,115,30,51,0,254,223,207,1,244,15
64,237,11,68,0,242,193,44,150,181,75,27,207,99,252,31,0,192,8,24,1,0,128,0,115,230,68,0,220,63,160,153,115,238,196,156,204,233,206,123,49,50,58,95,136,52,225,228,56,25,39,112,130,19,255,255,223,76,2,48,33
33,230,15,3,64,204,62,76,223,255,23,252,227,121,255,195,5,60,0,0,0,0,248,118,192,129,147,219,119,238,63,50,131,205,191,249,155,15,12,243,238,99,48,252,15,192,207,191,240,23,254,225,15,143,252,249,255,255,141,1,8
32,248,3,0,208,174,167,82,73,122,176,204,231,145,255,103,0,0,0,16,16,71,11,128,32,65,246,122,127,187,48,201,72,50,122,86,96,36,163,172,24,89,253,1,244,154,65,127,208,15,106,0,0,253,255,253,255,255,181,47,3
75,173,220,239,83,250,183,124,31,248,143,1,233,127,245,138,51,255,204,23,185,145,139,72,243,239,231,35,253,159,240,183,31,36,128,4,200,68,110,251,247,19,184,127,64,94,72,8,0,216,251,189,111,181,255,9,9,213,160,111,15
97,253,79,6,1,255,60,156,190,119,191,92,175,99,244,222,17,113,0,12,0,0,112,252,145,35,3,242,253,143,62,156,11,231,226,220,206,125,254,40,80,112,249,127,80,216,177,125,104,15,237,208,206,127,255,255,183,75,118,98,7
3,252,237,38,128,187,32,225,182,133,91,255,207,115,254,199,253,87,4,136,0,0,240,95,17,106,2,124,141,11,48,34,144,234,84,157,221,137,192,59,21,118,2,110,152,252,247,223,188,159,247,113,143,122,255,255,223,235,123,255,10
72,253,1,236,19,240,129,238,23,188,72,143,3,97,238,63,0,128,4,249,255,25,66,144,247,199,128,64,252,63,33,185,243,238,221,189,196,233,222,123,33,118,58,223,136,244,65,62,144,6,194,32,77,249,255,223,203,231,1,255,30
64,205,3,12,0,240,10,44,150,181,27,2,143,97,204,63,0,192,4,152,0,0,0,0,67,134,1,0,176,255,135,184,247,238,197,188,220,235,222,123,113,240,122,127,16,48,192,220,48,31,230,96,14,115,207,223,155,207,67,248,63
0,76,27,12,0,240,31,64,138,216,141,5,0,32,255,94,63,82,13,248,177,2,208,0,0,70,2,0,252,255,52,0,225,69,21,40,137,10,20,81,163,162,80,213,14,167,128,168,32,2,0,193,4,34,152,255,55,155,103,64,30
116,253,201,247,185,255,136,238,31,184,64,255,1,2,112,72,17,79,196,249,254,136,114,127,249,243,163,252,255,15,65,221,87,51,236,254,70,240,127,8,16,24,254,67,160,117,249,79,254,201,255,252,226,255,255,29,28,0,0,32,1
53,140,196,3,122,255,55,68,219,218,133,193,225,123,255,203,47,31,128,6,208,149,175,252,242,65,231,163,255,223,124,215,223,68,184,254,137,0,0,149,251,35,252,133,15,30,0,0,6,211,253,255,239,184,251,131,128,192,254,127,3
31,237,255,227,123,255,247,63,160,23,15,27,12,0,0,200,255,63,255,7,248,255,255,127,247,239,227,243,253,255,52,136,0,34,96,12,255,255,255,8,16,240,251,127,0,56,193,64,56,152,7,64,128,3,255,255,31,12,2,0,11
75,141,253,66,144,170,229,63,128,220,201,3,0,122,254,159,109,246,251,47,16,0,177,125,32,64,252,35,217,255,240,255,31,0,0,76,212,173,238,186,49,117,187,239,68,30,0,0,0,0,225,26,255,126,227,199,135,195,127,255,15
72,205,223,74,91,242,37,100,146,252,15,7,131,113,254,223,127,159,137,244,177,31,155,8,32,70,70,34,252,191,176,0,233,255,6,72,143,13,228,176,33,99,179,239,13,222,246,190,36,150,192,255,79,64,175,255,3,140,99,252,62
229,253,77,165,128,127,200,63,192,251,48,236,2,132,11,160,17,109,102,139,0,0,96,190,249,162,1,252,255,6,203,221,31,49,96,38,238,114,127,12,24,184,252,1,32,129,241,109,255,3,39,112,242,127,223,254,157,0,0,32,3
101,9,202,230,1,255,32,22,203,250,129,0,245,181,79,203,59,223,132,154,216,0,64,128,243,99,3,176,255,95,24,8,225,246,67,78,236,100,167,253,1,56,253,133,0,10,0,228,239,3,32,210,214,54,64,182,181,217,254,34,3
10,13,223,74,82,242,165,100,146,240,15,3,207,97,254,223,119,255,141,181,177,27,139,8,34,238,71,32,248,255,112,145,89,64,248,253,0,64,102,187,119,51,184,255,0,222,1,28,0,15,224,0,14,112,226,199,199,227,253,255,31
96,125,218,110,11,177,48,240,27,222,237,143,3,0,254,127,255,19,12,248,159,24,192,8,51,102,2,0,204,25,56,136,249,102,94,204,197,44,230,155,17,51,155,127,196,222,191,255,128,23,96,1,14,48,227,231,195,227,255,255,7
225,239,13,2,0,236,127,42,213,255,112,254,86,213,170,165,0,96,0,4,0,0,0,208,203,131,130,202,115,250,247,172,26,171,98,213,86,253,126,42,84,84,43,126,241,152,194,243,240,21,158,225,9,207,253,249,250,254,129,17,48
97,248,8,4,0,240,222,42,85,253,114,10,135,33,236,159,0,96,0,0,0,0,0,128,195,3,0,128,241,238,191,156,52,39,229,164,78,250,210,72,145,146,74,123,240,39,192,116,48,5,166,96,10,211,255,155,154,126,1,170,53
75,237,155,207,81,254,39,0,65,239,240,255,11,122,240,26,33,86,139,109,251,0,249,255,98,197,238,35,253,255,176,128,224,251,7,0,69,45,162,234,17,252,171,127,240,222,227,191,80,18,74,177,15,165,254,253,255,151,132,15,15
67,232,205,197,48,247,3,4,162,19,7,188,11,115,232,191,21,110,133,139,112,8,247,127,225,206,193,229,184,255,0,136,96,239,67,12,222,247,190,251,0,52,24,62,0,192,247,31,40,20,135,113,142,67,239,255,223,11,66,240,63
224,237,7,2,192,238,255,62,223,255,0,124,42,79,145,248,0,48,0,0,0,0,168,250,234,213,215,227,127,255,255,85,31,213,167,250,170,127,127,49,234,35,252,141,15,192,224,49,120,4,143,240,136,255,255,253,255,31,128,0,55
1,124,3,0,0,240,127,8,4,225,126,0,131,97,254,31,0,32,0,0,0,0,0,128,65,1,0,192,241,255,231,136,18,162,68,148,68,41,202,40,81,82,170,127,241,56,64,63,208,7,250,160,15,253,245,233,235,255,177,255,11
39,13,254,35,106,241,152,228,31,184,73,95,44,10,80,216,255,95,77,236,169,146,240,124,16,166,38,16,252,15,119,255,95,0,252,255,0,80,87,1,255,3,254,87,168,53,150,128,103,248,13,223,0,0,9,18,16,24,6,0,55
97,249,232,254,137,155,48,96,87,188,88,255,28,134,0,96,223,215,103,253,191,8,96,212,89,163,0,124,215,42,165,0,224,255,7,0,230,121,223,8,17,122,254,75,152,244,251,215,60,156,167,120,200,195,255,191,30,6,0,160,53
101,253,95,39,1,249,248,191,232,6,164,253,191,42,80,154,17,113,70,14,8,0,240,255,145,35,34,186,239,13,254,191,157,42,114,69,223,172,162,138,20,21,1,126,64,159,247,255,253,31,14,225,0,3,255,255,59,220,1,0,63
218,249,145,204,115,226,231,126,21,248,80,3,2,255,206,63,34,214,171,127,247,17,11,8,98,197,222,99,122,255,160,137,240,239,71,0,4,32,202,250,1,244,107,127,184,52,80,168,188,135,66,253,207,249,255,223,11,133,1,255,31
64,253,1,0,0,241,200,102,211,252,73,131,70,209,255,37,0,0,0,0,0,0,0,0,19,38,32,16,190,3,0,216,21,118,197,174,236,122,215,93,187,170,94,213,170,53,192,31,240,7,254,224,15,255,255,255,251,255,1,240,8
216,241,129,200,119,230,199,10,64,249,48,248,253,190,69,10,0,130,128,81,113,55,15,152,230,193,253,227,248,255,0,73,227,251,79,58,0,32,221,252,1,252,255,129,15,160,224,47,248,3,75,248,215,127,255,255,255,149,128,4,11
